0 0.309375 0.371875 0.0328125 0.0140625 0.2985628676470588 0.371333984375 2 0.30334203431372553 0.37027568359375 2 0.3098912581699346 0.37101650390625 2
0 0.2546875 0.40078125 0.01015625 0.0296875 0.2544829656862745 0.406532568359375 2 0.2543107843137255 0.398708447265625 2 0.2543107843137255 0.392119775390625 2
0 0.31484375 0.459375 0.021875 0.025 0.30751629901960786 0.456144921875 2 0.3133705882352941 0.45573310546875 2 0.31681433823529415 0.46108642578125 2
0 0.27421875 0.5046875 0.0203125 0.025 0.2715294117647059 0.507864404296875 2 0.2749731209150327 0.505393603515625 2 0.27893337418300657 0.498804931640625 2
0 0.30625 0.503125 0.0234375 0.01640625 0.2989742028064064 0.507837384299895 2 0.3026950571895425 0.50436416015625 2 0.3082050245098039 0.5008638671875 2
0 0.36484375 0.55546875 0.01484375 0.02265625 0.36082551357681397 0.5618890096347164 2 0.3615829656862745 0.553134814453125 2 0.36795388071895424 0.549016845703125 2
0 0.2734375 0.62109375 0.02421875 0.0140625 0.27049652777777783 0.62061103515625 2 0.27531772875816996 0.62184638671875 2 0.2830661356209151 0.6243171875 2
0 0.29609375 0.73046875 0.01875 0.021875 0.2903909467012489 0.72455208378578 2 0.29511915849673204 0.726167578125 2 0.29873504901960785 0.7335798828125 2
0 0.37578125 0.74921875 0.015625 0.02890625 0.3781128267973856 0.742993798828125 2 0.37415257352941184 0.746699951171875 2 0.37415257352941184 0.7576125 2
0 0.3703125 0.62734375 0.01484375 0.0203125 0.36657634803921574 0.634595166015625 2 0.3682982434640523 0.626977001953125 2 0.3739803921568628 0.624506201171875 2
0 0.365625 0.515625 0.009375 0.0234375 0.36481102941176474 0.522457080078125 2 0.361883864379085 0.51730966796875 2 0.3660163398692811 0.50886787109375 2
0 0.384375 0.5203125 0.01015625 0.02734375 0.3832349264705882 0.515044775390625 2 0.38202965686274515 0.5212216796875 2 0.38581772875817 0.527810400390625 2
0 0.37421875 0.5328125 0.0125 0.015625 0.37044037472273444 0.5370773619806329 2 0.3718706699346405 0.532546044921875 2 0.37617528594771243 0.528839892578125 2
0 0.375 0.41328125 0.01484375 0.028125 0.37562042483660135 0.42317685546875 2 0.3733371732026144 0.4179894042968749 2 0.3753921160130719 0.40952558593749994 2
0 0.35546875 0.40234375 0.01796875 0.01171875 0.36283431372549024 0.4043381347656251 2 0.3575828839869281 0.403792041015625 2 0.35073316993464054 0.4029729980468749 2
0 0.34921875 0.3875 0.0140625 0.02265625 0.344796772875817 0.390686865234375 2 0.3482216094771242 0.3849533203125 2 0.35324477124183007 0.382223046875 2
0 0.271875 0.38515625 0.0140625 0.025 0.2705917075163399 0.390413818359375 2 0.27264660947712416 0.385499365234375 2 0.2740165441176471 0.3797658203125 2
0 0.34296875 0.64453125 0.01640625 0.01484375 0.3479681781045752 0.64041494140625 0 0.344796772875817 0.6425720703125 2 0.3406869689542484 0.64175302734375 2
0 0.359375 0.6390625 0.0125 0.015625 0.3630626633986928 0.6376576171875 2 0.35644125816993466 0.640387890625 2 0.3622259395424837 0.636562939453125 0
0 0.3609375 0.35078125 0.02265625 0.0140625 0.354321977124183 0.351742041015625 2 0.3588596405228758 0.35069853515625 2 0.366189705882353 0.35028115234375 2
0 0.48828125 0.38828125 0.0296875 0.02265625 0.4823101715686275 0.39302158203125 2 0.4864632352941177 0.3903611328125 2 0.4915062908496733 0.385217578125 2
0 0.4953125 0.4171875 0.028125 0.015625 0.5031992238562092 0.41786303710937495 2 0.4970138888888889 0.417678125 2 0.489436887254902 0.4184177734375 2
0 0.4765625 0.44609375 0.01640625 0.034375 0.47907647058823527 0.4370934082031249 2 0.4801589052287582 0.44615385742187497 2 0.4753652777777778 0.451701123046875 2
0 0.5109375 0.4734375 0.02265625 0.02578125 0.5033538398692811 0.468527685546875 2 0.5072196486928104 0.4707465820312501 2 0.5147966503267974 0.47703339843750003 2
0 0.5703125 0.46171875 0.02421875 0.0203125 0.5632907198471222 0.4678702614135373 2 0.5650523284313727 0.46298046875 2 0.5738663807189543 0.45909741210937505 2
0 0.56796875 0.49296875 0.02109375 0.0140625 0.5602589869281045 0.493062841796875 2 0.5672174428104575 0.49398740234374994 2 0.5737120098039216 0.494727001953125 2
0 0.55390625 0.49765625 0.01484375 0.02109375 0.5497267627951133 0.4913450170643382 2 0.5503347859415453 0.4928510429214155 2 0.5510400735294118 0.49389091796875 0
0 0.54921875 0.534375 0.02265625 0.01796875 0.542743076556435 0.5295024828323267 2 0.5464966503267974 0.533643212890625 2 0.5546921568627452 0.535677197265625 2
0 0.51171875 0.5609375 0.02109375 0.0171875 0.504900408496732 0.56117978515625 2 0.5100033088235294 0.560625048828125 2 0.5177349264705883 0.563583544921875 2
0 0.53515625 0.575 0.01328125 0.0234375 0.5316841150574549 0.5685031528555672 2 0.5331982026143791 0.5725412109375 2 0.5379918300653594 0.577533740234375 2
0 0.56171875 0.75625 0.02421875 0.02109375 0.5541904411764706 0.752472705078125 2 0.5571284313725491 0.7567255859375 2 0.5642415441176472 0.75949921875 2
0 0.57265625 0.53828125 0.0140625 0.0125 0.5687258986928104 0.53745810546875 2 0.5742926879084969 0.538567529296875 2 0.5781584967320262 0.53708828125 2
0 0.44921875 0.48828125 0.01328125 0.01953125 0.44503112745098045 0.48271337890625 0 0.4455781454248366 0.48411801757812506 0 0.4488471405228759 0.487745166015625 2
0 0.45234375 0.4578125 0.0140625 0.01796875 0.4478260620915033 0.452329345703125 0 0.4484299428104575 0.45362260742187493 0 0.45255833333333345 0.458344873046875 2
0 0.465625 0.41640625 0.015625 0.01328125 0.47034109477124186 0.41600107421875 2 0.46585674019607853 0.41563125 2 0.4609084967320262 0.413412353515625 2
0 0.45078125 0.4078125 0.0125 0.01875 0.4502386029411765 0.411752880859375 2 0.4520941993464052 0.408979248046875 2 0.45302197712418313 0.40398676757812507 2
0 0.475 0.365625 0.00859375 0.02265625 0.4749798611111111 0.37145107421875 2 0.4777632352941176 0.365718896484375 2 0.4763715277777778 0.359432080078125 2