0 0.31015625 0.3671875 0.0203125 0.01796875 0.3038719525435497 0.3720353802178309 2 0.30749436274509806 0.369829541015625 2 0.31336184640522874 0.36515205078125 2
0 0.2875 0.40703125 0.0203125 0.01953125 0.29339800077703215 0.4124007075389969 2 0.29113651960784315 0.406824267578125 2 0.28509125816993464 0.40214677734375004 2
0 0.29453125 0.3859375 0.01953125 0.0171875 0.288784719256381 0.3904281864250919 2 0.29113651960784315 0.386626025390625 2 0.2945147875816994 0.383011572265625 2
0 0.33828125 0.36796875 0.01328125 0.021875 0.3345745867152209 0.3743906663784139 2 0.33629840686274515 0.369404296875 2 0.3389654411764706 0.364301611328125 2
0 0.36484375 0.38046875 0.0109375 0.0296875 0.3649246323529412 0.37067998046875 2 0.3643912173202615 0.377483642578125 2 0.36688043300653594 0.3851376953125 2
0 0.378125 0.40703125 0.01484375 0.01953125 0.37914881535947714 0.411927001953125 2 0.3773707924836602 0.407887353515625 2 0.37843762254901964 0.401296337890625 2
0 0.378125 0.3703125 0.01796875 0.0140625 0.3731678968874917 0.37402413176273636 2 0.37630396241830066 0.36876650390625 2 0.38163807189542487 0.369404296875 2
0 0.3828125 0.4546875 0.0125 0.028125 0.38377169117647064 0.44614345703125 2 0.38110465686274514 0.451033544921875 2 0.38448292483660135 0.4595380859375 2
0 0.33046875 0.53359375 0.02265625 0.02265625 0.3359428104575164 0.5319685546875 2 0.3318533496732026 0.5334568359375 2 0.32598586601307195 0.534519921875 2
0 0.2546875 0.52890625 0.01328125 0.02734375 0.25273116830065356 0.521975732421875 2 0.25450919117647064 0.526440576171875 2 0.2543314133986928 0.53324423828125 2
0 0.26875 0.578125 0.028125 0.0140625 0.26304375 0.57682998046875 2 0.26766658496732026 0.576192138671875 2 0.27406748366013073 0.577680419921875 2
0 0.32421875 0.671875 0.02734375 0.021875 0.3176291258169935 0.668069921875 2 0.32296319444444443 0.669558251953125 2 0.32954191176470593 0.67551142578125 2
0 0.3609375 0.65390625 0.01875 0.0140625 0.3640356209150327 0.654250048828125 2 0.36083517156862743 0.65212392578125 2 0.356212295751634 0.651911328125 2
0 0.31171875 0.725 0.01015625 0.0296875 0.3090495612261368 0.7335508937578782 2 0.3114062908496732 0.7264125 2 0.31229530228758173 0.7187583984375 2
0 0.25859375 0.71015625 0.01015625 0.025 0.2589545343137255 0.717907958984375 2 0.25948794934640523 0.71195478515625 2 0.258065522875817 0.703662890625 2
0 0.334375 0.7125 0.0171875 0.01796875 0.33807667483660137 0.71705751953125 2 0.3350540441176471 0.715143994140625 2 0.33025339052287583 0.709828662109375 2
0 0.3734375 0.71875 0.01484375 0.025 0.36901877018719303 0.7253502749421612 2 0.3704367647058824 0.717907958984375 2 0.37488182189542485 0.716207080078125 2
0 0.2515625 0.6265625 0.01484375 0.02421875 0.24748006535947714 0.620437890625 0 0.24815126633986928 0.621571728515625 0 0.25121392973856216 0.63000546875 2
0 0.38359375 0.4953125 0.01171875 0.01875 0.38160453431372554 0.4989718261718751 2 0.38108071895424833 0.49383569335937494 2 0.3864235294117647 0.48970170898437504 2
0 0.515625 0.43984375 0.02421875 0.021875 0.5085964869281046 0.443558203125 2 0.513492524509804 0.44312451171875 2 0.5189325163398693 0.438787841796875 2
0 0.47109375 0.4421875 0.02578125 0.01171875 0.4647138480392157 0.441606689453125 2 0.46815919117647053 0.44182353515625 2 0.473599183006536 0.44095620117187495 2
0 0.51015625 0.49453125 0.01640625 0.0234375 0.5147948387420709 0.5011867717017463 2 0.5114978349673203 0.49473134765625 2 0.5073271650326797 0.488443115234375 2
0 0.53046875 0.521875 0.02109375 0.02734375 0.5365197868869445 0.5141436909338892 2 0.5330764705882353 0.51771591796875 2 0.5294497957516341 0.525738818359375 2
0 0.54609375 0.49921875 0.02109375 0.0125 0.5397858251633988 0.497116552734375 2 0.5450444852941178 0.4973333984375 2 0.5517537990196077 0.498851220703125 2
0 0.45859375 0.453125 0.0234375 0.0109375 0.4532898692810458 0.45309897460937504 2 0.45746053921568625 0.45331582031249995 2 0.46217516339869286 0.453749462890625 2
0 0.4609375 0.40625 0.0203125 0.0265625 0.4670285902716265 0.3987945091001838 2 0.46453251633986936 0.402576318359375 2 0.45872986111111114 0.40886455078125 2
0 0.52421875 0.38515625 0.0203125 0.0234375 0.5179677978808535 0.3914479848650867 2 0.5218345179738563 0.387405419921875 2 0.5267305147058824 0.38393603515625 2
0 0.58203125 0.403125 0.01640625 0.0296875 0.5770298668815323 0.3945084696280856 2 0.5780870506535948 0.40280073242187503 2 0.5858843545751634 0.4093058105468749 2
0 0.56171875 0.46875 0.01640625 0.0203125 0.5565635268693672 0.46267732840513387 2 0.5574150735294119 0.46633349609375 2 0.5639430555555556 0.47067021484374993 2
0 0.51171875 0.4765625 0.02734375 0.01171875 0.5035591094771242 0.47717524414062507 2 0.5086364379084968 0.477608935546875 2 0.5138950980392157 0.475657421875 2
0 0.559375 0.52265625 0.01953125 0.0125 0.5548857434640524 0.521445263671875 2 0.5594190767973857 0.522963134765625 2 0.5654031045751634 0.525781982421875 2
0 0.47109375 0.6140625 0.0125 0.0203125 0.46911540032679744 0.620849560546875 2 0.470747385620915 0.615428662109375 2 0.4714727124183007 0.608706787109375 2
0 0.47109375 0.68671875 0.015625 0.02734375 0.4692967320261438 0.679053271484375 2 0.4718354166666667 0.6836068359375 2 0.470747385620915 0.6901119140625 2
0 0.57578125 0.5375 0.009375 0.0203125 0.5760182189542483 0.539491845703125 2 0.5742049019607844 0.535155126953125 2 0.574023570261438 0.529300537109375 2
0 0.58671875 0.4390625 0.01171875 0.028125 0.5850852941176471 0.44616074218749996 2 0.5843600081699347 0.439222021484375 2 0.5878053104575164 0.4294644531249999 2
0 0.5828125 0.4921875 0.01328125 0.015625 0.579272081455875 0.48800601590112913 2 0.5791013071895426 0.4945150390625 2 0.58762397875817 0.49538237304687505 2
0 0.5734375 0.36640625 0.0203125 0.02890625 0.5794966869523793 0.3745733883595063 2 0.5732336192810459 0.368510205078125 2 0.5741697712418301 0.36179345703125 2
0 0.4828125 0.36640625 0.0171875 0.01796875 0.48768205395385006 0.3716240325839023 2 0.48242487745098045 0.364704052734375 2 0.47886740196078426 0.359554541015625 2