0 0.33828125 0.3765625 0.03515625 0.01875 0.32739640522875824 0.377452001953125 2 0.3328814133986928 0.37532998046875 2 0.3412703022875817 0.3757158203125 2
0 0.28203125 0.3953125 0.02421875 0.02265625 0.2748868205370747 0.40179667661292023 2 0.28012834967320266 0.397707421875 2 0.285290727124183 0.393463427734375 2
0 0.24921875 0.415625 0.01328125 0.0265625 0.25108995098039216 0.4237501953125 2 0.2514126225490196 0.4148763671875 2 0.24947671568627455 0.40677416992187504 2
0 0.27890625 0.4203125 0.021875 0.025 0.27561127450980394 0.426643798828125 2 0.28012834967320266 0.42182109375000004 2 0.28496809640522874 0.41256142578125 2
0 0.27265625 0.4703125 0.0140625 0.028125 0.27303006535947716 0.4622712890624999 2 0.27303006535947716 0.469408935546875 2 0.27093284313725496 0.477511083984375 2
0 0.35234375 0.52890625 0.0140625 0.028125 0.34839953791242523 0.5365385930483193 2 0.3492965277777778 0.52727236328125 2 0.35332961601307195 0.5238 2
0 0.32421875 0.56875 0.02421875 0.0125 0.31864489379084965 0.56854306640625 2 0.32300065359477126 0.567192724609375 2 0.32945359477124186 0.56796435546875 2
0 0.2515625 0.590625 0.01328125 0.02109375 0.2518565767973856 0.595550341796875 2 0.2529858660130719 0.591692138671875 2 0.2513726307189542 0.58629072265625 2
0 0.3203125 0.61796875 0.015625 0.025 0.3160383084799953 0.6251085033392201 2 0.3205406454248366 0.622444091796875 2 0.3224765522875817 0.61569228515625 2
0 0.25859375 0.665625 0.01875 0.02578125 0.25746282679738564 0.657734375 2 0.2592374183006536 0.6635216796875 2 0.2603666666666667 0.670273486328125 2
0 0.384375 0.4234375 0.01171875 0.0296875 0.3820052696078432 0.4315021484375 2 0.3808759803921569 0.424557421875 2 0.3852317401960784 0.4183843749999999 2
0 0.3671875 0.36171875 0.01796875 0.01875 0.3626463235294118 0.364433056640625 2 0.3666794526143791 0.362503955078125 2 0.372487091503268 0.359417431640625 2
0 0.37421875 0.6890625 0.0140625 0.021875 0.3715384803921569 0.694322900390625 2 0.37336446078431373 0.68845478515625 2 0.37701642156862747 0.68326904296875 2
0 0.50859375 0.42578125 0.01015625 0.02421875 0.507799591503268 0.41831289062499993 2 0.5079483251633987 0.4252498046875 2 0.5079483251633987 0.43200888671875 2
0 0.46015625 0.41015625 0.01875 0.0140625 0.4665964869281046 0.411198095703125 2 0.4603490604575164 0.410130859375 2 0.4563328839869282 0.410130859375 2
0 0.47734375 0.43203125 0.015625 0.02265625 0.4741825980392157 0.440368798828125 2 0.47983500816993463 0.43414331054687494 2 0.4792400326797385 0.425961328125 2
0 0.4609375 0.465625 0.01640625 0.0203125 0.46608909589742425 0.47107283293651525 2 0.46481151960784317 0.46402548828125 2 0.4570766339869282 0.4604681152343749 2
0 0.48359375 0.4765625 0.0203125 0.03046875 0.4896514984729442 0.4677100138618041 2 0.48879129901960783 0.4698646484375 2 0.48028129084967325 0.47878872070312506 2
0 0.51796875 0.47890625 0.0203125 0.021875 0.5226743464052288 0.47380834960937507 2 0.5183606617647059 0.47789936523437493 2 0.5131544934640523 0.48234609375000004 2
0 0.52890625 0.45546875 0.02578125 0.01640625 0.536528635620915 0.456194921875 2 0.5305145833333333 0.456708642578125 2 0.5242857434640522 0.4574791503906249 2
0 0.571875 0.4625 0.0234375 0.01953125 0.5648805964052288 0.465184326171875 2 0.5696059232026144 0.45979067382812494 2 0.5764790849673204 0.4592770507812499 2
0 0.56640625 0.42265625 0.01953125 0.02421875 0.5719283168309449 0.4290876366938682 2 0.567458047385621 0.4251173828125 2 0.5638066584967321 0.41766904296875007 2
0 0.55390625 0.54453125 0.02109375 0.021875 0.5459792892156863 0.542800634765625 2 0.5519933415032681 0.54511220703125 2 0.5584369689542484 0.548707958984375 2
0 0.575 0.5671875 0.01484375 0.021875 0.5704058886002448 0.5608037526337316 2 0.5713242238562092 0.56526376953125 2 0.5771234477124183 0.5719416015625 2
0 0.47109375 0.70078125 0.01484375 0.0390625 0.47001180555555555 0.69525244140625 2 0.4724405637254902 0.7008673828125 2 0.4698499183006536 0.7103546875 2
0 0.5578125 0.5640625 0.01875 0.0109375 0.5546680964052288 0.562551318359375 2 0.5572537990196079 0.5617783203125 2 0.563933455882353 0.55997470703125 2
0 0.565625 0.49921875 0.0203125 0.0140625 0.5599508076858297 0.4951391644508928 2 0.563240727124183 0.49737714843749997 2 0.5699204656862744 0.5007267578125 2
0 0.58515625 0.43046875 0.0109375 0.01953125 0.5819837239909492 0.43597628445949316 2 0.5826334150326797 0.430721630859375 2 0.5856500816993464 0.42711440429687497 2
0 0.48515625 0.3640625 0.0203125 0.02109375 0.488686683006536 0.368964794921875 2 0.48394620098039215 0.363811572265625 2 0.4787748366013072 0.35711240234375 2
0 0.384375 0.746875 0.009375 0.015625 0.3817551268842515 0.7421887634810268 2 0.3825882761437909 0.74572314453125 2 0.38654509803921566 0.74786357421875 2
0 0.37421875 0.7546875 0.01484375 0.009375 0.37016864570225433 0.751955880017135 2 0.37213092320261437 0.754735546875 2 0.3798561683006536 0.753271044921875 2
0 0.56875 0.75390625 0.015625 0.025 0.5720901552287582 0.747274853515625 2 0.5674556781045752 0.751391650390625 2 0.5656018790849673 0.7596251953125 2