0 0.37265625 0.3765625 0.01328125 0.02578125 0.36949705882352946 0.3857029296875 2 0.36948364643610404 0.3818361957335872 2 0.37070984477124186 0.374892236328125 2
0 0.36875 0.39296875 0.00859375 0.009375 0.3693868055555556 0.394931494140625 2 0.36687712418300655 0.39101513671875 0 0.36729820261437907 0.391490869140625 0
0 0.37890625 0.425 0.009375 0.01796875 0.37609340126735874 0.4198867920870536 2 0.3761121732026144 0.4252541015625 2 0.37952998366013074 0.428681884765625 2
0 0.3859375 0.43515625 0.00859375 0.01640625 0.3854835784313726 0.439360693359375 2 0.3850425653594772 0.43342802734374997 2 0.3879091094771242 0.4293410644531249 2
0 0.38515625 0.46640625 0.00859375 0.02109375 0.38316830065359475 0.473234912109375 2 0.38239652777777783 0.46809326171875 2 0.38427079248366014 0.46123774414062507 2
0 0.371875 0.484375 0.01796875 0.0171875 0.3670307814738755 0.47945842196966904 2 0.3700483251633987 0.48378188476562495 2 0.3768839460784314 0.48800068359374993 2
0 0.371875 0.509375 0.0109375 0.01953125 0.3689835760987227 0.5148086954463629 2 0.3693868055555556 0.50852216796875 2 0.37379689542483663 0.503907861328125 2
0 0.3515625 0.52421875 0.01328125 0.0234375 0.3472807808885619 0.5311037776926208 2 0.3487697303921569 0.523910107421875 2 0.3520772875816994 0.51995498046875 2
0 0.3390625 0.546875 0.0078125 0.02265625 0.33636352742653314 0.5530457325995273 2 0.33653178104575165 0.5453626953125 2 0.339949591503268 0.541275732421875 2
0 0.37109375 0.575 0.01171875 0.01953125 0.3676224517804755 0.580797505718553 2 0.36949705882352946 0.57343720703125 2 0.3741276552287582 0.570273095703125 2
0 0.3828125 0.5609375 0.0078125 0.02109375 0.38538600291033187 0.5551388529230568 2 0.3803017565359478 0.558539599609375 2 0.38228627450980396 0.5653951171875 2
0 0.37890625 0.62109375 0.01484375 0.01875 0.3748585219764298 0.6159409071186974 2 0.3745686683006536 0.622204638671875 2 0.37787618464052286 0.622731982421875 2
0 0.371875 0.7375 0.01796875 0.01796875 0.3666345141582582 0.7322520508388919 2 0.3681740604575164 0.737305908203125 2 0.3728046160130719 0.73928349609375 2
0 0.5 0.3953125 0.00859375 0.02265625 0.49988778594771244 0.389583642578125 2 0.4986991421568628 0.39725908203125 2 0.4967973039215686 0.40280244140625 2
0 0.49453125 0.41328125 0.02265625 0.00625 0.48740694444444443 0.412464013671875 2 0.49168611111111116 0.4120375976562499 0 0.5045235702614379 0.40777348632812493 2
0 0.4578125 0.51875 0.01875 0.0203125 0.45424346405228766 0.515929931640625 2 0.4579283088235294 0.518914794921875 2 0.4610187908496733 0.521473291015625 2
0 0.475 0.6046875 0.0140625 0.028125 0.4713099835078293 0.6125792012206539 2 0.47582352941176476 0.604315234375 2 0.47427826797385625 0.598629736328125 2
0 0.51953125 0.6625 0.02109375 0.02421875 0.5252715686274511 0.65991484375 2 0.5215867238562092 0.663894677734375 2 0.5162377859477124 0.66787451171875 2
0 0.5265625 0.72734375 0.02578125 0.01640625 0.5187440363620269 0.7322371565659138 2 0.5251526960784314 0.72834072265625 2 0.5308582516339869 0.72620869140625 2
0 0.57734375 0.6921875 0.01015625 0.02421875 0.5747727450644821 0.6856655246932116 2 0.5754327614379086 0.6926642578125 2 0.5785232843137255 0.698634033203125 2
0 0.47265625 0.72109375 0.0140625 0.0265625 0.4684804134345316 0.7138085867508535 2 0.47178210784313734 0.71838291015625 2 0.47178210784313734 0.72449482421875 2
0 0.45390625 0.72109375 0.009375 0.02890625 0.45252589869281046 0.71198671875 2 0.45442773692810456 0.718525048828125 2 0.4513372549019608 0.729043212890625 2
0 0.54921875 0.51484375 0.021875 0.01953125 0.5426737850366251 0.5202284553282562 2 0.548411070261438 0.51568466796875 2 0.55343125 0.51363818359375 2
0 0.55703125 0.48671875 0.02265625 0.01796875 0.550643575330013 0.48188606701313025 2 0.5553708741830066 0.487988720703125 2 0.561075612745098 0.489625927734375 2
0 0.5734375 0.46875 0.01875 0.01953125 0.5679324092726784 0.47466534172019437 2 0.569062295751634 0.468069482421875 2 0.5731697303921569 0.464112939453125 2
0 0.56796875 0.43203125 0.0140625 0.02109375 0.5637604055902058 0.4382817162232799 2 0.5655253676470589 0.431787646484375 2 0.570203227124183 0.428922509765625 2