0 0.259375 0.4171875 0.01640625 0.01953125 0.2543699346405229 0.414432177734375 2 0.2595946078431373 0.41505693359375 2 0.2607701797385621 0.42067973632812505 2
0 0.25625 0.46875 0.0125 0.02890625 0.2568516748366013 0.476751611328125 2 0.25946401143790854 0.471285009765625 2 0.25606797385620916 0.463787939453125 2
0 0.25234375 0.509375 0.01171875 0.0171875 0.25345563725490194 0.502985400390625 2 0.2551675247040752 0.5056817818015362 2 0.2511045343137255 0.51188818359375 2
0 0.3125 0.54140625 0.015625 0.02890625 0.31158002450980393 0.53484794921875 2 0.3160209558823529 0.541564111328125 2 0.313278022875817 0.547811669921875 2
0 0.3484375 0.559375 0.02734375 0.01171875 0.3401850081699347 0.56029609375 2 0.3450178513071896 0.558265625 2 0.3525935866013072 0.5598275390625 2
0 0.29140625 0.6953125 0.025 0.0171875 0.28379436274509806 0.6947056640625 2 0.28823533496732023 0.69454951171875 2 0.2951580065359477 0.6947056640625 2
0 0.25859375 0.70546875 0.0171875 0.02578125 0.2571485702614379 0.69954755859375 2 0.26067524509803924 0.70251513671875 2 0.2613283088235295 0.70923125 2
0 0.3140625 0.7515625 0.0265625 0.01875 0.3061548978295755 0.7571604145202206 2 0.31148504901960783 0.754551025390625 2 0.31670972222222227 0.751271044921875 2
0 0.37578125 0.7171875 0.01953125 0.015625 0.37000995932632563 0.7214318328474921 2 0.3751351307189542 0.717221826171875 2 0.3806209967320262 0.714254248046875 2
0 0.34453125 0.6890625 0.02578125 0.01640625 0.33695710141852914 0.6938657748383009 2 0.3415666666666667 0.690044921875 2 0.34914244281045753 0.686921142578125 2
0 0.38046875 0.6359375 0.01796875 0.01796875 0.3750582767827126 0.6310285996028756 2 0.37797540849673206 0.63563017578125 2 0.3839837418300654 0.638753955078125 2
0 0.378125 0.5296875 0.01875 0.0171875 0.37287821206217064 0.5245546923218881 2 0.3741113153594771 0.52896337890625 2 0.3838371732026144 0.533039892578125 2
0 0.32265625 0.41875 0.0234375 0.0140625 0.31504742647058825 0.41774951171875 2 0.3191385620915033 0.418336572265625 2 0.3256843137254902 0.41853222656250005 2
0 0.2953125 0.41328125 0.01640625 0.02578125 0.2921371732026144 0.421271826171875 2 0.29557373366013073 0.41559697265624995 2 0.2978647467320262 0.41011787109375 2
0 0.36953125 0.39921875 0.01328125 0.01640625 0.3711775326797386 0.399746630859375 2 0.36692275326797386 0.398963916015625 2 0.37194027777777783 0.396571142578125 0
0 0.32578125 0.6921875 0.0109375 0.01171875 0.32632169117647064 0.691395166015625 2 0.32339142156862744 0.689682861328125 0 0.3239194035947713 0.6902638671875 0
0 0.45 0.4296875 0.01015625 0.021875 0.4489135212418301 0.423443310546875 2 0.4510176470588235 0.42828193359375 2 0.4485898284313725 0.435056005859375 2
0 0.4796875 0.4296875 0.01015625 0.02578125 0.48047540849673204 0.42441103515625 2 0.4795042892156863 0.43021738281249994 2 0.4764290032679739 0.4375720703125 2
0 0.4796875 0.49296875 0.02421875 0.015625 0.4864640931372549 0.49466767578125 2 0.47982798202614385 0.49331289062500006 2 0.4744867238562092 0.49292583007812507 2
0 0.53828125 0.525 0.025 0.01796875 0.5308536356209151 0.52572333984375 2 0.5365185866013072 0.52552978515625 2 0.5442877042483661 0.52204599609375 2
0 0.49296875 0.58125 0.0203125 0.01015625 0.48780004084967316 0.582371435546875 2 0.49119897875817 0.581597265625 2 0.4962165441176471 0.580629541015625 2
0 0.47421875 0.5734375 0.0171875 0.01796875 0.47896775829979665 0.5787240493158483 2 0.4761464052287582 0.574629638671875 2 0.47161446078431374 0.5699845703125 2
0 0.4578125 0.5734375 0.009375 0.02578125 0.4568855800653595 0.56437177734375 2 0.458180433006536 0.57172646484375 2 0.45672373366013075 0.5775328125 2
0 0.45234375 0.55 0.01171875 0.0171875 0.45283917483660135 0.555855810546875 0 0.4544577205882353 0.55024306640625 2 0.45008762254901963 0.54656572265625 2
0 0.55 0.4953125 0.01640625 0.01875 0.5452578060757138 0.4900714879115677 2 0.546754616013072 0.494980859375 2 0.5533583333333334 0.5004845703125 2
0 0.58203125 0.503125 0.0171875 0.025 0.5802734885620915 0.49581840820312506 2 0.5776720179738563 0.500723876953125 2 0.5826748366013071 0.509816943359375 2
0 0.56015625 0.465625 0.021875 0.02421875 0.5526953022875818 0.460857421875 2 0.5564504901960785 0.4653478515625 2 0.5625005718954249 0.46659521484374994 2
0 0.528125 0.4265625 0.0234375 0.0171875 0.522444934640523 0.42593188476562494 2 0.5266174019607843 0.42568242187500005 2 0.5330846813725489 0.42568242187500005 2
0 0.465625 0.38828125 0.02109375 0.0265625 0.46200379901960786 0.3950421875 2 0.46501368464052284 0.389316259765625 2 0.46501368464052284 0.38375390625 2
0 0.540625 0.39375 0.02109375 0.0171875 0.5353461192810458 0.394513916015625 2 0.5395517565359478 0.39283759765625 2 0.5466779411764706 0.391859716796875 2
0 0.58046875 0.3859375 0.0125 0.028125 0.5769013362591174 0.39384655448792016 2 0.5773156454248367 0.387704248046875 2 0.580820343137255 0.38211650390625 2
0 0.571875 0.44609375 0.009375 0.01953125 0.5715913398692811 0.450287451171875 2 0.5697221813725492 0.44511874999999995 2 0.5724091094771242 0.44008974609375 2
0 0.5828125 0.43515625 0.0140625 0.01171875 0.5781334150326798 0.432825634765625 2 0.5824558823529412 0.43492104492187506 2 0.5868950980392158 0.43645771484375 2
0 0.45 0.74453125 0.0125 0.0296875 0.4497049836601307 0.735706396484375 2 0.4519984068627451 0.74228818359375 2 0.45050767973856204 0.7507896484375 2
0 0.25625 0.43359375 0.01015625 0.015625 0.2565531045751634 0.42757675781249993 2 0.25866907679738566 0.433557373046875 2 0.25386000816993465 0.435780908203125 2