0 0.27109375 0.35546875 0.01171875 0.03046875 0.27484278009473184 0.3640113370823267 2 0.27102720588235296 0.354745361328125 2 0.2709291258169935 0.3477095703125 2
0 0.2546875 0.41796875 0.01015625 0.025 0.25533696895424834 0.422273095703125 2 0.25749440359477127 0.41429921875 2 0.25416021241830067 0.406208056640625 2
0 0.25078125 0.403125 0.009375 0.02265625 0.2502390931372549 0.409843212890625 2 0.2531810049019608 0.40222109375 2 0.25171004901960786 0.39495078125 2
0 0.35859375 0.36875 0.025 0.02734375 0.3531634803921569 0.374547021484375 2 0.35571311274509804 0.366807666015625 2 0.3629698529411765 0.364227880859375 2
0 0.2921875 0.35234375 0.01875 0.01171875 0.28596646241830065 0.352352490234375 2 0.2891044934640523 0.3536423828125 2 0.2973418709150327 0.351297119140625 2
0 0.2671875 0.45859375 0.01640625 0.025 0.2683149918300654 0.46523427734375 2 0.271943341503268 0.459253857421875 2 0.2697859477124184 0.450810888671875 2
0 0.290625 0.48515625 0.01953125 0.02578125 0.2872412990196079 0.478367724609375 2 0.29185028594771245 0.483175537109375 2 0.29273284313725495 0.490914892578125 2
0 0.26015625 0.4859375 0.01640625 0.015625 0.25548936770632025 0.48198770825091913 2 0.26145049019607847 0.484631494140625 2 0.2645885620915033 0.488383935546875 2
0 0.27265625 0.49765625 0.01875 0.01171875 0.2796903594771242 0.495419677734375 2 0.27282589869281043 0.499054833984375 2 0.2696878676470589 0.49565424804687497 2
0 0.25 0.503125 0.00859375 0.0140625 0.24987900326797385 0.50773232421875 2 0.25154607843137256 0.505504345703125 2 0.2503693218954248 0.49987568359375 2
0 0.38359375 0.48203125 0.01484375 0.02265625 0.38248868464052294 0.4754849609374999 2 0.38072352941176474 0.481465380859375 2 0.3868034722222223 0.48779760742187495 2
0 0.36875 0.60390625 0.01953125 0.028125 0.3631311532984909 0.6115760804193803 2 0.3638151552287582 0.606220166015625 2 0.371774795751634 0.599297998046875 2
0 0.2796875 0.61796875 0.0203125 0.021875 0.2757276960784314 0.621177685546875 2 0.28090718954248367 0.61797412109375 2 0.2850746323529412 0.614343408203125 2
0 0.29921875 0.62421875 0.021875 0.0125 0.29299272875816995 0.62465712890625 2 0.2975768790849673 0.6245859375 2 0.30418521241830065 0.62309091796875 2
0 0.29765625 0.66328125 0.02265625 0.02109375 0.29132573529411765 0.66033662109375 2 0.2963861928104575 0.662899462890625 2 0.3025182598039216 0.668523486328125 2
0 0.2625 0.74921875 0.0171875 0.01328125 0.2575522875816994 0.7499591796875 2 0.26196151960784314 0.74967421875 2 0.26541736111111114 0.746539208984375 2
0 0.28828125 0.73515625 0.015625 0.0171875 0.28345453600256526 0.7397725780458903 2 0.2897275326797386 0.735566845703125 2 0.29091924019607845 0.73057939453125 2
0 0.31328125 0.7171875 0.0203125 0.01171875 0.30688766339869283 0.715759521484375 2 0.3124885620915033 0.716614501953125 2 0.3188044526143791 0.716614501953125 2
0 0.3375 0.7234375 0.01484375 0.02109375 0.33284063159426963 0.7174566245488445 2 0.33513039215686274 0.722456982421875 2 0.34001625816993464 0.728584423828125 2
0 0.34140625 0.6921875 0.01328125 0.02578125 0.34394881535947713 0.68640478515625 2 0.34120792483660134 0.692247265625 2 0.3391821078431373 0.7006546875 2
0 0.3640625 0.68203125 0.0171875 0.01640625 0.3587937033874868 0.6867641861541491 2 0.36194309640522876 0.682984814453125 2 0.36802062908496735 0.680419873046875 2
0 0.37734375 0.69453125 0.0109375 0.02109375 0.37481319444444444 0.68611982421875 2 0.37491081038154506 0.6896842620554097 2 0.37969906045751634 0.69481220703125 2
0 0.46328125 0.41328125 0.02578125 0.0296875 0.4584473447712418 0.405548974609375 2 0.4639738153594772 0.410955859375 2 0.46899783496732034 0.419967333984375 2
0 0.4828125 0.4 0.02421875 0.01796875 0.47485923202614383 0.3979392578125 2 0.478543545751634 0.399941796875 2 0.48406997549019615 0.40254511718749997 2
0 0.53203125 0.41484375 0.0265625 0.01640625 0.5239273692810458 0.414960986328125 2 0.5296212826797386 0.416563037109375 2 0.5381621732026145 0.41936660156250005 2
0 0.53125 0.43046875 0.02421875 0.00859375 0.5230900326797385 0.429579638671875 2 0.5277791258169935 0.4303806640625 2 0.5349802696078432 0.4303806640625 2
0 0.4859375 0.46796875 0.0234375 0.01796875 0.478041135620915 0.465859033203125 2 0.48390249183006534 0.46405673828125 2 0.4904337418300654 0.4656587890625 2
0 0.4765625 0.45234375 0.0125 0.015625 0.4745242647058824 0.4496383300781249 2 0.478543545751634 0.45224165039062497 2 0.47921339869281043 0.457047802734375 2
0 0.51328125 0.465625 0.0140625 0.02265625 0.5150515931372549 0.45945087890625 2 0.5138792892156863 0.46505800781250006 2 0.5117022058823529 0.47126591796875 2
0 0.546875 0.5015625 0.02578125 0.02109375 0.5396803859215089 0.4956435800108324 2 0.5435264297385621 0.4988978515625 2 0.5507275326797386 0.505906787109375 2
0 0.5171875 0.5625 0.01640625 0.02265625 0.5145544526143792 0.567875439453125 2 0.519243545751634 0.561467236328125 2 0.5214206290849673 0.557862646484375 2
0 0.4875 0.603125 0.01484375 0.03046875 0.487927001633987 0.593298291015625 2 0.4884294117647059 0.59930595703125 2 0.4875920751633987 0.607916943359375 2
0 0.5375 0.6125 0.028125 0.0203125 0.5297940359477125 0.609318701171875 2 0.5348180555555555 0.610920751953125 2 0.5411818627450982 0.61372431640625 2
0 0.515625 0.584375 0.02578125 0.015625 0.5084594895451638 0.5885949042884716 2 0.5125448120915033 0.584483154296875 2 0.5207507761437908 0.58428291015625 2
0 0.54296875 0.57734375 0.0078125 0.02109375 0.5430240196078431 0.582925830078125 2 0.5403445261437909 0.577719189453125 2 0.541684272875817 0.57010947265625 2
0 0.54921875 0.53125 0.01171875 0.02421875 0.5525657206118971 0.5245951994472821 2 0.548215522875817 0.530865625 2 0.5500576797385621 0.5374740234375 2
0 0.5796875 0.54765625 0.0140625 0.02265625 0.5757268952817014 0.5538290807721246 2 0.5761358251633987 0.547646826171875 2 0.5813269199346405 0.54062265625 2
0 0.5828125 0.6328125 0.015625 0.01484375 0.5830115196078431 0.62973154296875 2 0.5809176062091503 0.63416142578125 2 0.5892932189542484 0.63550966796875 2
0 0.47890625 0.7640625 0.0234375 0.01640625 0.471405433006536 0.762081787109375 2 0.4778894199346405 0.7644078125 2 0.48320625 0.766268603515625 2
0 0.5859375 0.4609375 0.0171875 0.01875 0.580599795751634 0.46646640625 0 0.5865642156862745 0.4576296875 2 0.583102614379085 0.463086083984375 2
0 0.50546875 0.37734375 0.01953125 0.01796875 0.5012824754901961 0.382814208984375 2 0.5034853349673203 0.37980380859375 2 0.5071042892156863 0.375664453125 2
0 0.55859375 0.36796875 0.01171875 0.02890625 0.5548395234699551 0.3596823484514837 2 0.555094934640523 0.36493974609375 2 0.5596580065359478 0.371713232421875 2
0 0.584375 0.3984375 0.01171875 0.01171875 0.5808950163398693 0.395458740234375 0 0.5813710784313726 0.396269970703125 0 0.5849907679738562 0.39786640625 2