0 0.33359375 0.36484375 0.01796875 0.015625 0.32828633355012016 0.36904508678768383 2 0.33160098039215685 0.366787109375 2 0.33593741830065366 0.36213076171875 2
0 0.29609375 0.4015625 0.01171875 0.02734375 0.29522794117647055 0.4076357421875 2 0.29859089052287585 0.402344482421875 2 0.29567046568627453 0.393772607421875 2
0 0.27734375 0.40234375 0.0140625 0.01875 0.27355799555114835 0.40768572468093484 2 0.277262704248366 0.403826025390625 2 0.28089113562091506 0.39842890625 2
0 0.2640625 0.390625 0.0140625 0.01796875 0.261950408496732 0.395014697265625 2 0.2666408496732026 0.392157373046875 2 0.2688533088235294 0.384961279296875 2
0 0.25 0.41796875 0.0109375 0.01875 0.25081944444444443 0.424351220703125 2 0.25179293300653594 0.42075312499999995 2 0.24851850490196079 0.41218125 2
0 0.33828125 0.40078125 0.02265625 0.01796875 0.33301429738562094 0.405751904296875 2 0.3365453839869281 0.4032184570312499 2 0.34166544117647063 0.398784912109375 2
0 0.3796875 0.53125 0.02109375 0.02109375 0.3734267476531916 0.5254934466331407 2 0.37503419117647063 0.53008046875 2 0.381390114379085 0.53219169921875 2
0 0.29453125 0.62109375 0.02109375 0.0203125 0.2892289215686275 0.6265388671875 2 0.29293656045751637 0.6237943359375 2 0.29876282679738564 0.619571923828125 2
0 0.3140625 0.6390625 0.02265625 0.015625 0.30653120915032683 0.637291015625 2 0.3102388480392157 0.637291015625 2 0.316065114379085 0.63897998046875 2
0 0.25390625 0.68984375 0.01484375 0.01953125 0.24934589065310772 0.6840220622544643 2 0.25374158496732024 0.686893408203125 2 0.2555071078431373 0.693438134765625 2
0 0.2953125 0.6921875 0.0125 0.025 0.29487863562091504 0.699982861328125 2 0.2978800653594772 0.693860400390625 2 0.2971738562091503 0.687104541015625 2
0 0.32265625 0.68125 0.015625 0.025 0.3201258578431373 0.686682275390625 2 0.3240100490196079 0.68288212890625 2 0.32489281045751633 0.67591513671875 2
0 0.353125 0.6890625 0.01328125 0.0296875 0.35296491013071896 0.6978716796875 2 0.35049313725490194 0.691538037109375 2 0.3531414624183007 0.6847822265625 2
0 0.2921875 0.74296875 0.01640625 0.02890625 0.29487863562091504 0.75276298828125 2 0.2938193218954248 0.74600712890625 2 0.28746339869281046 0.736506689453125 2
0 0.27109375 0.759375 0.0109375 0.028125 0.26857209967320267 0.768174755859375 2 0.2724562908496732 0.761841162109375 2 0.2703376225490196 0.7540296875 2
0 0.5390625 0.3953125 0.01171875 0.034375 0.5381189950980392 0.406561767578125 2 0.5374314950980392 0.40060141601562493 2 0.5389783905228759 0.39196923828125 2
0 0.4796875 0.43203125 0.01171875 0.03046875 0.479680637254902 0.42238745117187493 2 0.4801962826797387 0.429375390625 2 0.4784774918300654 0.435541259765625 2
0 0.4484375 0.43046875 0.01171875 0.01953125 0.4499458333333334 0.42690908203125 2 0.45046147875817005 0.4332804687499999 2 0.44805518790849674 0.43513017578125 2
0 0.50234375 0.53359375 0.01953125 0.028125 0.4991459150326798 0.53901376953125 2 0.5025834967320262 0.533670068359375 2 0.5070522875816994 0.52750419921875 2
0 0.46328125 0.4984375 0.02578125 0.01640625 0.4599578839869281 0.500785498046875 2 0.46459857026143786 0.49852470703125 2 0.45848594771241824 0.49613227539062504 0
0 0.4546875 0.4640625 0.0171875 0.0171875 0.45944223856209154 0.46276274414062507 2 0.4541140114379085 0.464818017578125 2 0.4494733251633988 0.466667822265625 2
0 0.53828125 0.578125 0.02890625 0.01171875 0.5303435049019608 0.5796935546875 2 0.5353279411764706 0.578254833984375 2 0.5406561683006537 0.57804931640625 2
0 0.46328125 0.67109375 0.015625 0.03046875 0.4622799836601307 0.6629125 2 0.4660612745098039 0.669694921875 2 0.4641706290849673 0.679560302734375 2
0 0.46484375 0.70078125 0.015625 0.02578125 0.45970183823529415 0.694750146484375 2 0.4645143790849674 0.699271728515625 2 0.4650300245098039 0.706670751953125 2
0 0.58125 0.6375 0.01640625 0.015625 0.5776119281045752 0.641936474609375 2 0.5813932189542484 0.636181689453125 2 0.5865495506535947 0.634126416015625 2
0 0.58046875 0.50234375 0.009375 0.02421875 0.5788150735294117 0.49578466796875 2 0.5779556781045752 0.501333935546875 2 0.5808775735294118 0.507705322265625 2
0 0.5859375 0.49609375 0.0125 0.01953125 0.5820674886538274 0.49073225284585076 2 0.582596364379085 0.49599023437500006 2 0.5870651960784314 0.50010078125 2
0 0.54140625 0.4640625 0.02109375 0.0296875 0.534298774509804 0.45366943359375 2 0.5365331699346405 0.45880761718750007 2 0.5442676879084967 0.466617724609375 2
0 0.55703125 0.43125 0.0125 0.021875 0.554064705882353 0.425306494140625 2 0.553033455882353 0.42982812500000006 2 0.5573303921568628 0.43496635742187506 2
0 0.56171875 0.4671875 0.0171875 0.01484375 0.5657523692810458 0.463945849609375 2 0.5624867238562092 0.466206640625 2 0.5571584967320262 0.46785087890625 2
0 0.58359375 0.43515625 0.0109375 0.015625 0.582252614379085 0.430650244140625 2 0.5839714052287581 0.4357884765625 2 0.5853464052287582 0.43846035156249996 2
0 0.465625 0.5890625 0.01796875 0.0234375 0.4613174836601307 0.5983048828125 2 0.46627214052287586 0.594144970703125 2 0.46932928921568634 0.588220263671875 2