0 0.3328125 0.3828125 0.0140625 0.02578125 0.33481041666666667 0.38818876953125 2 0.33198631535947715 0.38241962890625 2 0.33386903594771244 0.3748212890625 2
0 0.35703125 0.37109375 0.0140625 0.025 0.3590508169934641 0.37847978515625 2 0.3561090277777778 0.373273486328125 2 0.3557560049019608 0.36623798828125 2
0 0.34453125 0.4203125 0.01875 0.021875 0.3393902470302894 0.426098350676208 2 0.3409881535947713 0.41927739257812496 2 0.3472247549019608 0.415056103515625 2
0 0.37578125 0.4328125 0.00859375 0.025 0.37320070925517396 0.44013201292916226 2 0.3738186274509804 0.43164702148437495 2 0.3760543709150327 0.426159326171875 2
0 0.29375 0.47109375 0.021875 0.01796875 0.29998011980565575 0.4765884687004333 2 0.29481270424836603 0.47126499023437496 2 0.28970122549019606 0.46851445312499995 2
0 0.371875 0.496875 0.015625 0.02421875 0.3675152353328187 0.503920034128217 2 0.3693105800653595 0.498501123046875 2 0.37518803104575166 0.494555517578125 2
0 0.315625 0.4828125 0.0125 0.025 0.3173414624183007 0.48974672851562506 2 0.3154854166666667 0.4833351074218751 2 0.3149698529411765 0.475443798828125 2
0 0.253125 0.4375 0.0078125 0.01953125 0.25287700163398696 0.443438134765625 2 0.2536704248366013 0.43782446289062504 2 0.25406715686274517 0.432289892578125 2
0 0.259375 0.44609375 0.00703125 0.01484375 0.25693593637224055 0.4417166329692752 2 0.2586955882352941 0.44430786132812494 2 0.25909232026143797 0.449842431640625 2
0 0.2515625 0.46484375 0.0125 0.01328125 0.24753660130718957 0.4607741699218749 0 0.2480620098039216 0.461706640625 0 0.2536704248366013 0.46312543945312507 2
0 0.26875 0.440625 0.01015625 0.021875 0.26608362471334257 0.4464626345921744 2 0.2702005310457517 0.441698681640625 2 0.2688781045751634 0.4348990234375 2
0 0.2515625 0.384375 0.0109375 0.01875 0.24833459967320262 0.378796923828125 0 0.24879317810457519 0.3801279296875 2 0.2519245506535948 0.384689599609375 2
0 0.26796875 0.36953125 0.0140625 0.01328125 0.27222116013071895 0.366562353515625 2 0.26742071078431373 0.3697849609375 2 0.26346245915032684 0.3713962890625 2
0 0.31015625 0.590625 0.02421875 0.01875 0.3029767714533037 0.596026148857865 2 0.3066538807189543 0.59309111328125 2 0.3124530637254902 0.588186181640625 2
0 0.29609375 0.62421875 0.0234375 0.01640625 0.2891003821330662 0.6286851657340468 2 0.29491401143790846 0.625134033203125 2 0.2997938316993464 0.621497607421875 2
0 0.27109375 0.68828125 0.01484375 0.021875 0.27560685983529953 0.6824297963163078 2 0.27204375000000003 0.687578662109375 2 0.2680245098039216 0.693060693359375 2
0 0.29140625 0.71875 0.0234375 0.01484375 0.2978632761437909 0.72097890625 2 0.29092324346405235 0.719413134765625 2 0.2855545751633987 0.717064404296875 2
0 0.25859375 0.7453125 0.0171875 0.034375 0.25674701797385624 0.735227685546875 2 0.2587111519607843 0.742586962890625 2 0.25844926470588236 0.752921240234375 2
0 0.33125 0.73203125 0.0234375 0.021875 0.3245757352941177 0.729434228515625 2 0.328765931372549 0.731000048828125 2 0.3364915849673203 0.735071142578125 2
0 0.3734375 0.72265625 0.01796875 0.0125 0.36922745098039217 0.721605224609375 2 0.3721082107843137 0.721605224609375 2 0.3761674428104575 0.722074951171875 2
0 0.25234375 0.67265625 0.009375 0.01171875 0.24956017156862748 0.668942919921875 0 0.24996356209150328 0.669792236328125 0 0.25213112745098043 0.67285107421875 2
0 0.4765625 0.3796875 0.01484375 0.02265625 0.47415351307189535 0.373428466796875 2 0.47793733660130727 0.378185107421875 2 0.4771611519607844 0.385494091796875 2
0 0.4703125 0.4140625 0.0203125 0.01796875 0.4642410907871758 0.40897582903932517 2 0.4684293300653595 0.41263500976562495 2 0.4735714052287582 0.41692753906249996 2
0 0.4625 0.4546875 0.0171875 0.02421875 0.4677897458462762 0.4479244478903624 2 0.46338427287581707 0.454284521484375 2 0.45872728758169934 0.459969287109375 2
0 0.5046875 0.45078125 0.021875 0.02109375 0.5106407050441508 0.44517460267660186 2 0.5049090277777778 0.450688037109375 2 0.49889375 0.456024755859375 2
0 0.5265625 0.4515625 0.01875 0.01484375 0.5200441993464052 0.45010795898437495 2 0.5263505310457517 0.451268115234375 2 0.5315896241830066 0.45196420898437506 2
0 0.52890625 0.40078125 0.0171875 0.025 0.5339283556835289 0.4076099091873687 2 0.5308134803921568 0.401149462890625 2 0.5285819852941176 0.391056103515625 2
0 0.546875 0.48515625 0.01484375 0.01640625 0.5509302599329906 0.4805232460743172 2 0.5483795343137255 0.483219873046875 2 0.5452748774509805 0.488092529296875 2
0 0.5578125 0.54609375 0.01484375 0.02109375 0.5621193170858327 0.5398738746519827 2 0.5596098447712419 0.541762646484375 2 0.5580575163398693 0.548375537109375 2
0 0.47734375 0.62109375 0.02265625 0.02109375 0.4703875618710415 0.6150269399357274 2 0.4767544117647059 0.61849169921875 2 0.48121732026143793 0.62661279296875 2
0 0.58203125 0.64375 0.01328125 0.02578125 0.5781074062969119 0.6507732289065783 2 0.5785881127450981 0.644647119140625 2 0.5845455065359477 0.6378708984375 2
0 0.54765625 0.596875 0.02734375 0.0140625 0.5383393382352942 0.598002001953125 2 0.5457497549019609 0.59782822265625 2 0.5537413807189543 0.598175732421875 2
0 0.50625 0.728125 0.01484375 0.028125 0.5028855392156862 0.71944462890625 2 0.5041932598039216 0.72430966796875 2 0.5082617238562092 0.733344677734375 2
0 0.5125 0.70859375 0.02109375 0.015625 0.5064992320734555 0.7043016041770614 2 0.5092788398692811 0.70641337890625 2 0.5142191176470587 0.71075712890625 2
0 0.58046875 0.5375 0.01171875 0.02578125 0.5773296990844591 0.5448672342118567 2 0.5780176470588236 0.53847861328125 2 0.5819115196078432 0.529081494140625 2
0 0.58359375 0.5140625 0.0125 0.01796875 0.5797452190913234 0.5088101490775342 2 0.579079616013072 0.512319091796875 2 0.5855930147058823 0.5173986328125 2
0 0.56484375 0.4625 0.025 0.01171875 0.5565531862745099 0.46371616210937494 2 0.5650104166666667 0.4642677734375 2 0.5708535539215687 0.4607741699218749 2
0 0.55390625 0.4546875 0.00625 0.00703125 0.5531283088235294 0.455896435546875 2 0.552523570261438 0.4532345703124999 0 0.5528361111111111 0.453576123046875 0
0 0.45 0.509375 0.01484375 0.0265625 0.4498988562091504 0.501502880859375 2 0.44948002450980395 0.510017236328125 2 0.44822348856209154 0.51502568359375 2
0 0.5515625 0.3765625 0.01171875 0.0296875 0.5496260620915032 0.386744580078125 2 0.5490127416835302 0.3824203386088498 2 0.5534886437908497 0.3725900390625 2
0 0.5671875 0.3734375 0.01015625 0.03046875 0.564374643226888 0.38213981790861345 2 0.5635812908496731 0.373335009765625 2 0.5671946895424836 0.36379931640625 2
0 0.58359375 0.36484375 0.01171875 0.01953125 0.5803863865412012 0.3594421424220063 2 0.5799039215686276 0.3632033203125 2 0.5850125816993464 0.371845068359375 2