0 0.2546875 0.38671875 0.0140625 0.02421875 0.2543295343137255 0.39545576171875 2 0.25621650326797385 0.38769931640625 2 0.2535040032679739 0.38107109375 2
0 0.303125 0.43828125 0.021875 0.025 0.29716733042053434 0.4454888948832064 2 0.3003246732026144 0.441148291015625 2 0.30563178104575167 0.436494384765625 2
0 0.2828125 0.46953125 0.02421875 0.01171875 0.2772091503267974 0.47034072265625 2 0.28228043300653594 0.46878940429687505 2 0.2878234477124183 0.46794326171874995 2
0 0.2703125 0.4453125 0.021875 0.0140625 0.26659489379084966 0.44301171875000006 2 0.27072267156862745 0.444986083984375 2 0.27544011437908494 0.4452681640625 2
0 0.2515625 0.51015625 0.0140625 0.03125 0.2544473039215686 0.4988824707031251 2 0.2544473039215686 0.50720302734375 2 0.25149889705882356 0.514254345703125 2
0 0.271875 0.5078125 0.0171875 0.02421875 0.26712686828594495 0.5150198659447217 2 0.27213774509803923 0.5108697265625 2 0.27367091503267976 0.5033953125 2
0 0.30234375 0.534375 0.02578125 0.02109375 0.2959608660130719 0.539921142578125 2 0.3003244689542484 0.53597236328125 2 0.3072827205882353 0.5317416015625 2
0 0.30625 0.5796875 0.0171875 0.0265625 0.30256527777777775 0.583491259765625 2 0.3062212826797386 0.579965625 2 0.3086979575163399 0.574888671875 2
0 0.2890625 0.63515625 0.02265625 0.01640625 0.29513484477124186 0.63435126953125 2 0.2893559640522876 0.635056396484375 2 0.2831053513071896 0.6360435546875 2
0 0.3265625 0.73984375 0.01484375 0.0265625 0.32461891339869287 0.747384619140625 2 0.32674174836601305 0.73976923828125 2 0.3299260212418301 0.731730712890625 2
0 0.25703125 0.56484375 0.02578125 0.02109375 0.25484178921568634 0.560853955078125 2 0.25660522875816993 0.5632638671875 2 0.2610137663398693 0.566125634765625 2
0 0.375 0.503125 0.01484375 0.02265625 0.3710926652400034 0.5095173742194066 2 0.3721951797385621 0.502846240234375 2 0.3763196486928105 0.499173486328125 2
0 0.38125 0.44453125 0.01640625 0.02578125 0.3768256013384133 0.4515163392916229 2 0.3799603758169935 0.44416953125 2 0.38383933823529415 0.4407798828125 2
0 0.3828125 0.5609375 0.01015625 0.0140625 0.3796354575163399 0.556815234375 0 0.38005316434352016 0.5577883138942686 2 0.3833828839869281 0.560798583984375 2
0 0.45078125 0.37109375 0.01484375 0.02265625 0.4533768790849674 0.374866162109375 2 0.4507435866013072 0.36856845703125 2 0.4452819035947712 0.366819091796875 2
0 0.5296875 0.43515625 0.01875 0.02734375 0.5243569035947713 0.4276970703124999 2 0.5270877450980392 0.43329501953125 2 0.5313790441176471 0.44180859375 2
0 0.53359375 0.47734375 0.021875 0.01875 0.5268926879084967 0.474334765625 2 0.5316716094771242 0.476550634765625 2 0.5395715277777778 0.4771337890624999 2
0 0.5390625 0.54609375 0.01484375 0.025 0.5407924836601307 0.553060009765625 2 0.5385493055555556 0.5478119140625 2 0.5386468545751635 0.54023134765625 2
0 0.58515625 0.5390625 0.01015625 0.021875 0.5841531862745099 0.544847216796875 2 0.582885294117647 0.540532080078125 2 0.5877617647058824 0.534234375 2
0 0.5734375 0.50625 0.009375 0.0296875 0.5730348039215686 0.517207177734375 2 0.5714829263402841 0.5124213391460412 2 0.5743026960784314 0.504378515625 2
0 0.5578125 0.4671875 0.01484375 0.02109375 0.5536444458895722 0.46148887272183564 2 0.5561621323529412 0.46546386718750005 2 0.5619163807189543 0.471994873046875 2
0 0.55625 0.4421875 0.01796875 0.021875 0.551271891845402 0.4485825300844931 2 0.5571374591503269 0.44260546874999995 2 0.5617213235294118 0.43910673828125 2
0 0.571875 0.45390625 0.0125 0.02109375 0.5679455578484661 0.4480541530983456 2 0.5688410130718954 0.45333491210937493 2 0.5738150326797385 0.45974926757812506 2
0 0.55625 0.4125 0.028125 0.015625 0.5464564950980393 0.409959033203125 2 0.5531860294117648 0.41264140625 2 0.5605007761437909 0.41427416992187494 2
0 0.56015625 0.384375 0.02265625 0.02578125 0.5537963734919189 0.3768567707032563 2 0.5550390931372549 0.3819802734375 2 0.5631340686274511 0.38746162109375 2
0 0.45234375 0.4 0.01328125 0.01953125 0.44846458333333333 0.3944376953125 0 0.45517214052287586 0.3987888671875 2 0.45061903594771235 0.399151806640625 2
0 0.45390625 0.49609375 0.01171875 0.01796875 0.45005625 0.4911796875 0 0.45385678104575167 0.4988259765625 2 0.4534520424836602 0.49301845703125 2
0 0.55234375 0.76171875 0.021875 0.01953125 0.5463975813369957 0.7561584032592569 2 0.550349183006536 0.760235595703125 2 0.5562146650326797 0.76338466796875 2