0 0.3875 0.35234375 0.0078125 0.009375 0.38507385620915036 0.349549560546875 0 0.3854000816993464 0.35023603515625 0 0.3857784722222223 0.35071005859375 2
0 0.3734375 0.38984375 0.01015625 0.0203125 0.37250053104575165 0.38274541015625 2 0.3717516748366013 0.388630078125 2 0.376458864379085 0.39297958984375 2
0 0.38359375 0.390625 0.00859375 0.02109375 0.38091104455786773 0.39643074277015494 2 0.38052418300653595 0.390293115234375 2 0.3848034722222223 0.384024658203125 2
0 0.38671875 0.43125 0.0078125 0.01640625 0.38436053996520947 0.43611534411232933 2 0.3842416258169935 0.431892236328125 2 0.3872371323529412 0.42767060546874996 2
0 0.3765625 0.4703125 0.01953125 0.015625 0.37099701830022846 0.47447055178853725 2 0.37546911764705887 0.468469775390625 2 0.38274387254901965 0.468341845703125 2
0 0.375 0.496875 0.015625 0.0234375 0.3764319444444445 0.502743994140625 2 0.37621797385620914 0.4974989746093749 2 0.38006932189542486 0.4893116210937499 2
0 0.38671875 0.50234375 0.01015625 0.01796875 0.3841877233277744 0.4974763190649291 2 0.3837066993464052 0.502743994140625 2 0.38809297385620917 0.508500732421875 2
0 0.38203125 0.52734375 0.0078125 0.01640625 0.38199501633986926 0.5330853515625 2 0.38028329248366016 0.52732861328125 2 0.38274387254901965 0.5219556640625 2
0 0.38125 0.565625 0.01171875 0.02265625 0.37792969771241836 0.5749076171875 2 0.37867855392156863 0.56735986328125 2 0.38285085784313727 0.5617310546875 2
0 0.3828125 0.61875 0.01015625 0.01484375 0.38236948529411763 0.613086181640625 2 0.3799089052287582 0.618203271484375 2 0.3848300653594771 0.62088974609375 2
0 0.35 0.6828125 0.0109375 0.02109375 0.34701247349441844 0.6764640813182774 2 0.3473863562091503 0.6821861328125 2 0.35337732843137254 0.689605908203125 2
0 0.3640625 0.68046875 0.01015625 0.021875 0.3657872549019608 0.68691943359375 2 0.3630057189542484 0.68180234375 2 0.3635406454248366 0.67617353515625 2
0 0.37734375 0.72421875 0.0078125 0.0109375 0.37883905228758175 0.7219228515625 2 0.37755531045751634 0.724225537109375 2 0.3783041666666667 0.72729580078125 2
0 0.4828125 0.39609375 0.0203125 0.01328125 0.4768853648397976 0.39277500529451154 2 0.4802277777777778 0.395755859375 2 0.48582365196078436 0.39882275390625 2
0 0.55625 0.40078125 0.02265625 0.0203125 0.5480777369281047 0.397846923828125 2 0.5534404820261438 0.40035625 2 0.560901633986928 0.403701953125 2
0 0.44765625 0.4359375 0.01171875 0.0265625 0.44746858660130717 0.42892695312500007 2 0.4491006944444445 0.433248486328125 2 0.4477017156862745 0.4413340332031249 2
0 0.5328125 0.46953125 0.01953125 0.02578125 0.5382079752311508 0.4620119202817753 2 0.5343212418300654 0.46753583984375 2 0.5287253676470589 0.474087890625 2
0 0.5515625 0.49609375 0.0125 0.02109375 0.5475469295057913 0.4900134720436581 2 0.5483109068627452 0.49628178710937493 2 0.5530907271241831 0.501718603515625 2
0 0.47578125 0.57890625 0.0109375 0.01875 0.47263474532767596 0.5842043479217437 2 0.4767303513071896 0.58099169921875 2 0.476497181372549 0.574579052734375 2
0 0.51171875 0.59296875 0.025 0.015625 0.5197486519607843 0.593119970703125 2 0.5140361928104575 0.59298056640625 2 0.5073910947712419 0.59242294921875 2
0 0.53671875 0.578125 0.0203125 0.009375 0.5304279235307349 0.5804963140957194 2 0.5361865196078431 0.5801552734375 2 0.5405 0.57834296875 2
0 0.47109375 0.62734375 0.01015625 0.02890625 0.46985208333333334 0.634337890625 2 0.47265000000000007 0.625694775390625 2 0.47078472222222223 0.618306298828125 2
0 0.45390625 0.66640625 0.0109375 0.0234375 0.45248153594771245 0.6742369140625 2 0.45679501633986935 0.66768486328125 2 0.4556292075163399 0.660435791015625 2
0 0.58046875 0.42109375 0.01640625 0.02109375 0.5755844450880406 0.4273789524865415 2 0.5786551879084968 0.41864946289062493 2 0.5838753267973857 0.41930654296875 2
0 0.5828125 0.46640625 0.01015625 0.0234375 0.5798207520166216 0.4733289103381696 2 0.5800613153594771 0.463532763671875 2 0.5843059640522876 0.45810297851562504 2
0 0.58515625 0.4453125 0.0078125 0.01953125 0.5830995054919207 0.45101910875223206 2 0.5826278594771241 0.445708837890625 2 0.5871686274509804 0.44169550781249994 2
0 0.5453125 0.74375 0.01171875 0.025 0.5441065359477124 0.750696728515625 2 0.5430444852941176 0.743076806640625 2 0.5441065359477124 0.738473095703125 2