0 0.340625 0.4109375 0.02421875 0.0140625 0.33360012044347676 0.40670683602632607 2 0.3376325980392157 0.4099080078125 2 0.34790175653594774 0.414222509765625 2
0 0.33125 0.43671875 0.01953125 0.01796875 0.3367384085558064 0.431595021464417 2 0.3311102532679739 0.435629052734375 2 0.32666952614379086 0.4399435546875 2
0 0.31953125 0.4921875 0.02578125 0.015625 0.3133473447712419 0.494485888671875 2 0.3184819444444445 0.493656201171875 2 0.3248654820261438 0.49149892578125 2
0 0.3375 0.59609375 0.0203125 0.02109375 0.3318041258169935 0.592091357421875 2 0.33666115196078433 0.5977333984375 2 0.34276715686274517 0.601716015625 2
0 0.3203125 0.60390625 0.0203125 0.01640625 0.3141799836601308 0.601550048828125 2 0.32014722222222225 0.601384130859375 2 0.32625322712418303 0.60320947265625 2
0 0.36953125 0.61484375 0.0140625 0.0234375 0.371493137254902 0.621948779296875 2 0.36760747549019607 0.61547705078125 2 0.37066045751633986 0.6090052734375 2
0 0.378125 0.6078125 0.01015625 0.02265625 0.37607263071895425 0.601206005859375 2 0.3756562908496732 0.60834150390625 2 0.37926437908496735 0.6151451171875 2
0 0.33671875 0.67109375 0.025 0.0125 0.3287511029411765 0.670929541015625 2 0.3351346405228758 0.671261474609375 2 0.34318349673202614 0.672091162109375 2
0 0.353125 0.6828125 0.01796875 0.00859375 0.3469306781045752 0.682663427734375 2 0.3513714052287582 0.681833740234375 2 0.3590038807189543 0.68282939453125 2
0 0.35625 0.71171875 0.015625 0.02109375 0.35143344059035037 0.7178185842736344 2 0.35303664215686276 0.71186923828125 2 0.3587263480392157 0.70655908203125 2
0 0.33671875 0.71953125 0.0109375 0.02109375 0.3355513071895425 0.712698974609375 2 0.3348574346405229 0.717511279296875 2 0.3381879901960784 0.724148974609375 2
0 0.33671875 0.7453125 0.0171875 0.0203125 0.331626939525252 0.7513075360009192 2 0.3358288398692811 0.745389599609375 2 0.34068590686274514 0.74057724609375 2
0 0.31953125 0.7296875 0.01796875 0.01640625 0.3145966094771242 0.73327578125 2 0.31834346405228764 0.73045478515625 2 0.3234780637254902 0.726140283203125 2
0 0.271875 0.70703125 0.015625 0.01171875 0.267104277296775 0.7035666471122636 2 0.2714383169934641 0.703904052734375 2 0.27393619281045756 0.7090482421875 2
0 0.26015625 0.69375 0.0140625 0.01640625 0.26399673940330604 0.6984158748186056 2 0.26449967320261436 0.69295185546875 2 0.25756102941176473 0.689964892578125 2
0 0.25390625 0.7078125 0.009375 0.0203125 0.25367540849673204 0.702576513671875 2 0.2568671568627451 0.707388818359375 2 0.25492434640522876 0.71319677734375 2
0 0.38203125 0.54609375 0.00859375 0.02109375 0.3811801062091503 0.539220263671875 2 0.3799998366013072 0.54430107421875 2 0.3830685049019608 0.5512166015625 2
0 0.38203125 0.5109375 0.0125 0.0125 0.3782045751633987 0.507691748046875 0 0.3792033496732027 0.512725732421875 2 0.3855767565359477 0.509903076171875 2
0 0.2625 0.43046875 0.0109375 0.01875 0.2592564133986929 0.426754296875 2 0.2640819444444445 0.43072138671874993 2 0.2639814133986928 0.43528955078125 2
0 0.27578125 0.43046875 0.01328125 0.01015625 0.27199995288359025 0.42746504873312763 2 0.2752410130718954 0.42903837890625 2 0.2778548202614379 0.43108203125 2
0 0.27109375 0.41484375 0.01640625 0.0125 0.2651877859477124 0.41731899414062495 2 0.268103227124183 0.415275341796875 2 0.2711191993464052 0.413472119140625 2
0 0.24921875 0.38203125 0.01484375 0.0203125 0.24901678921568632 0.389974658203125 2 0.25275706699346406 0.384508203125 2 0.2508869281045752 0.37506611328125 2
0 0.3203125 0.3828125 0.01640625 0.025 0.3231991013071896 0.390471630859375 2 0.319874387254902 0.384259716796875 2 0.32049775326797386 0.37630849609375 2
0 0.4765625 0.434375 0.0125 0.03359375 0.4800068151518283 0.4250047366039259 2 0.4787014297385621 0.43401259765625 2 0.4752418709150327 0.4387404785156249 2
0 0.50859375 0.4703125 0.02109375 0.028125 0.5023775561284664 0.4625423671623555 2 0.5053895833333334 0.4674033203125 2 0.5108260620915033 0.474790673828125 2
0 0.48203125 0.50078125 0.02421875 0.01875 0.48900466922775027 0.49522953488373167 2 0.48364370915032684 0.50108955078125 2 0.4752418709150327 0.503453515625 2
0 0.45234375 0.503125 0.015625 0.028125 0.45300171568627456 0.496361669921875 2 0.4517661764705883 0.502271533203125 2 0.4495421568627451 0.5105453125 2
0 0.49609375 0.54453125 0.01796875 0.02578125 0.49229264705882353 0.5492435546875 2 0.496493545751634 0.544515673828125 2 0.5002002450980393 0.53978779296875 2
0 0.453125 0.54375 0.015625 0.02421875 0.4510248366013072 0.5415607421875 2 0.45275461601307193 0.54717509765625 2 0.4517661764705883 0.55160751953125 2
0 0.465625 0.5984375 0.01328125 0.015625 0.46263913398692813 0.60085830078125 2 0.4656044526143791 0.599380859375 2 0.468075612745098 0.59406201171875 2
0 0.46328125 0.6421875 0.01484375 0.01640625 0.4591795343137255 0.640454443359375 2 0.46436891339869285 0.641931884765625 2 0.4646160130718955 0.643409375 0
0 0.56953125 0.625 0.01484375 0.0265625 0.567420343137255 0.61613349609375 2 0.5651963235294117 0.6217478515625 2 0.5708799019607843 0.6294306640625 2
0 0.57578125 0.60546875 0.0203125 0.01171875 0.5693972630718954 0.604609228515625 2 0.5763163807189542 0.604609228515625 2 0.5810115604575163 0.604609228515625 2
0 0.58671875 0.56640625 0.01015625 0.0203125 0.5847182189542484 0.57210498046875 2 0.5834826797385622 0.566490625 2 0.5871893790849673 0.5623537109375 2
0 0.58046875 0.521875 0.0125 0.03359375 0.5787875 0.5267537109375 2 0.575822181372549 0.522321337890625 2 0.5807644199346405 0.514933984375 2
0 0.546875 0.4859375 0.02109375 0.0203125 0.5409690882637106 0.48014591077737656 2 0.5443776552287583 0.485763525390625 2 0.551296772875817 0.491673388671875 2
0 0.5765625 0.48125 0.01328125 0.03203125 0.5755138071895425 0.489900439453125 2 0.5730426879084968 0.482513134765625 2 0.5772435866013073 0.47335283203125 2
0 0.553125 0.42890625 0.02421875 0.021875 0.5459376237993141 0.43517241125420175 2 0.5498140931372549 0.43154462890625 2 0.5562390114379085 0.427112255859375 2
0 0.57890625 0.4 0.01640625 0.01875 0.5740502848204397 0.40510377425597427 2 0.5779849264705883 0.399723291015625 2 0.5863867647058824 0.397654833984375 2
0 0.56015625 0.3765625 0.02734375 0.0171875 0.5537678921568628 0.379629736328125 2 0.5582159313725491 0.379334228515625 2 0.5676062091503268 0.37519736328125 2
0 0.52734375 0.3734375 0.0296875 0.0171875 0.5196663807189543 0.371651416015625 2 0.525844158496732 0.371946923828125 2 0.5327633578431372 0.3728333984375 2
0 0.48828125 0.3625 0.0171875 0.0234375 0.4912484068627451 0.369878466796875 2 0.4887772875816994 0.3613091796875 2 0.48507058823529414 0.356285791015625 2
0 0.478125 0.5234375 0.0140625 0.0203125 0.4826021026335881 0.5287370669562762 2 0.48048333333333326 0.520732470703125 2 0.4768361519607843 0.51549892578125 2