0 0.26015625 0.43046875 0.01875 0.0359375 0.25777324346405234 0.42178212890625 2 0.260556045751634 0.429546630859375 2 0.2566137663398693 0.43675649414062506 2
0 0.309375 0.44375 0.03046875 0.021875 0.3148209150326798 0.4475713378906249 2 0.31018288398692817 0.44313447265625 2 0.3036896650326798 0.44063876953125 2
0 0.3734375 0.4265625 0.01328125 0.0296875 0.37325996732026145 0.418454443359375 2 0.37163668300653596 0.425387060546875 2 0.3741875816993464 0.4331515625 2
0 0.33515625 0.59296875 0.025 0.02109375 0.32919877450980395 0.588136865234375 2 0.33499628267973863 0.59118720703125 2 0.3424171568627451 0.5986744140625 2
0 0.35859375 0.60234375 0.021875 0.01640625 0.35215698529411765 0.603665869140625 2 0.357722589869281 0.602279345703125 2 0.3632882352941177 0.602833935546875 2
0 0.253125 0.6 0.01171875 0.0234375 0.2505843137254902 0.592019091796875 2 0.2526714460784314 0.597010595703125 2 0.25174383169934644 0.603665869140625 2
0 0.253125 0.5765625 0.0140625 0.02578125 0.25128002450980397 0.58453193359375 2 0.2526714460784314 0.57843125 2 0.2526714460784314 0.569280224609375 2
0 0.27265625 0.6578125 0.0234375 0.021875 0.2665854983660131 0.652105078125 2 0.2723830473856209 0.656819189453125 2 0.2751658496732026 0.660978759765625 2
0 0.2921875 0.659375 0.0140625 0.02421875 0.2876917307266927 0.66605619880646 2 0.291862704248366 0.65931494140625 2 0.2937179330065359 0.65404619140625 2
0 0.35078125 0.63203125 0.02265625 0.01328125 0.3451999591503268 0.63297109375 2 0.3479827614379085 0.63491220703125 2 0.35656311274509805 0.633525732421875 2
0 0.3421875 0.65625 0.02734375 0.01328125 0.33383680555555556 0.656740283203125 2 0.34148954248366015 0.657017626953125 2 0.34891037581699347 0.65784951171875 2
0 0.30390625 0.71875 0.0125 0.028125 0.3060086601307189 0.72501787109375 2 0.30508108660130717 0.719194482421875 2 0.3032258578431373 0.7122619140625 2
0 0.34296875 0.7 0.021875 0.0140625 0.3367349229933568 0.6959020043482799 2 0.33986621732026145 0.701724365234375 2 0.3465913398692811 0.70089248046875 2
0 0.353125 0.73046875 0.01796875 0.02265625 0.3476066990613408 0.7237812283334427 2 0.349374183006536 0.730841259765625 2 0.3542440767973856 0.733336962890625 2
0 0.37109375 0.71875 0.021875 0.009375 0.3646147246572312 0.7212672784797137 2 0.3690857843137255 0.71947177734375 2 0.3753470996732026 0.719194482421875 2
0 0.3828125 0.7421875 0.01015625 0.02421875 0.3796420944956852 0.7351113114371061 2 0.380680841503268 0.7441451171875 2 0.3846231617647059 0.747472802734375 2
0 0.38203125 0.35859375 0.01171875 0.03125 0.380680841503268 0.3645876953125 2 0.37905751633986934 0.360150830078125 2 0.38021699346405236 0.3534955078125 2
0 0.5140625 0.61640625 0.02578125 0.0203125 0.5086604983660131 0.621869287109375 2 0.5114433006535949 0.618541650390625 2 0.5163132352941177 0.614382080078125 2
0 0.47734375 0.5875 0.01875 0.01796875 0.4729477124183007 0.584710595703125 2 0.47596241830065356 0.588315576171875 2 0.479209068627451 0.590256689453125 2
0 0.57734375 0.64375 0.0125 0.0140625 0.5812699821624003 0.6396969748776917 2 0.5782308006535948 0.644732666015625 2 0.5749841911764706 0.646673779296875 2
0 0.57890625 0.696875 0.0125 0.0234375 0.5796222222222223 0.690487744140625 2 0.5784627042483661 0.697143017578125 2 0.5812455065359476 0.704630224609375 2
0 0.5609375 0.521875 0.02265625 0.0125 0.5541131127450981 0.523505126953125 2 0.5603744281045752 0.522950537109375 2 0.5677952614379086 0.520732080078125 2
0 0.44765625 0.51171875 0.0125 0.02265625 0.44998950163398693 0.506035009765625 2 0.4495257352941177 0.51490869140625 2 0.44581527777777785 0.519345556640625 2
0 0.5578125 0.496875 0.021875 0.01484375 0.5529535947712418 0.49856181640625 2 0.5573597222222222 0.49689799804687496 2 0.5629253676470589 0.49467958984375004 2
0 0.515625 0.45234375 0.01796875 0.02109375 0.5119071078431372 0.4547478515625 2 0.513530433006536 0.454470556640625 2 0.5195598447712418 0.44864716796875 2
0 0.50078125 0.4265625 0.025 0.01328125 0.5084285947712418 0.426740185546875 2 0.501703431372549 0.428958642578125 2 0.4961378267973856 0.43034516601562506 2
0 0.45078125 0.46171875 0.01328125 0.01640625 0.4534680555555556 0.4627896484374999 2 0.4520766339869281 0.460016650390625 2 0.4490619281045752 0.458352783203125 2
0 0.46171875 0.4390625 0.0171875 0.01640625 0.4669845375191435 0.43473595968316703 2 0.46320788398692814 0.43838696289062506 2 0.4592655637254902 0.43977348632812496 2
0 0.57265625 0.453125 0.01328125 0.03046875 0.5741792075163399 0.443382080078125 2 0.573947344771242 0.4525331054687499 2 0.5746430555555556 0.4580791503906251 2
0 0.5390625 0.44609375 0.02265625 0.01328125 0.5324370098039216 0.448650830078125 2 0.5366112336601307 0.448096240234375 2 0.5428725490196078 0.44726435546875 2
0 0.5828125 0.425 0.015625 0.02421875 0.5781420530502667 0.43152661390861347 2 0.578353431372549 0.42508002929687494 2 0.5836871732026144 0.419533984375 2
0 0.51796875 0.40546875 0.0109375 0.03125 0.5180591503267975 0.416076513671875 2 0.5178272467320262 0.4091439453125 2 0.5175953431372549 0.40221132812500004 2
0 0.45703125 0.3984375 0.01796875 0.0296875 0.45683725490196087 0.390564599609375 2 0.45590968137254906 0.397219873046875 2 0.45312687908496735 0.40137944335937503 2
0 0.490625 0.365625 0.02578125 0.02109375 0.4844334967320262 0.372757958984375 2 0.4897672385620916 0.367766455078125 2 0.4951009395424837 0.360002001953125 2
0 0.53828125 0.3921875 0.025 0.0125 0.5451915849673202 0.39466494140625 2 0.5407854575163398 0.39466494140625 2 0.5340603349673203 0.39521953125 2