0 0.25234375 0.35390625 0.009375 0.02109375 0.24964564801987393 0.3477840184786633 2 0.25274248366013075 0.3523966796875 2 0.25069571078431374 0.35907177734375 2
0 0.2484375 0.46875 0.0125 0.02421875 0.2511609068627451 0.47528212890625 2 0.25274248366013075 0.470498291015625 2 0.24846282679738563 0.463489501953125 2
0 0.334375 0.446875 0.01953125 0.0203125 0.32872621247355754 0.4527977528054753 2 0.33191642156862744 0.449026806640625 2 0.3386150735294118 0.44201796875 2
0 0.2515625 0.5546875 0.0125 0.02734375 0.2551130802522877 0.5626610052329963 2 0.2550466911764706 0.555114208984375 2 0.2511391748366013 0.54810537109375 2
0 0.25546875 0.525 0.0171875 0.0140625 0.25061503267973856 0.52920048828125 0 0.25355812908496733 0.529971435546875 2 0.25811691176470586 0.521961328125 2
0 0.29453125 0.63671875 0.028125 0.015625 0.28626107026143793 0.6380849609375 2 0.29230845588235294 0.637194970703125 2 0.2989140114379085 0.637751220703125 2
0 0.2921875 0.6671875 0.025 0.0171875 0.2850038636876482 0.6620466435876444 2 0.2894243055555556 0.665022607421875 2 0.29640204248366014 0.668248876953125 2
0 0.2546875 0.73203125 0.01015625 0.021875 0.2528610294117647 0.726564892578125 2 0.2550939133986928 0.73045869140625 2 0.2544426470588235 0.736466259765625 2
0 0.353125 0.7109375 0.021875 0.01875 0.3465219823560126 0.7161049737696298 2 0.35017704248366016 0.711158251953125 2 0.35789906045751635 0.708043212890625 2
0 0.3484375 0.66328125 0.0171875 0.01875 0.3435077659415402 0.669049550921875 2 0.34626952614379086 0.66409892578125 2 0.35203778594771246 0.657757568359375 2
0 0.31484375 0.678125 0.0234375 0.0109375 0.30924105392156864 0.679006591796875 2 0.3149162581699346 0.677449072265625 2 0.32040543300653596 0.676892822265625 2
0 0.31875 0.70703125 0.0203125 0.0203125 0.32441453286914135 0.7013219531800158 2 0.32189399509803923 0.70370439453125 2 0.3160327205882353 0.70793193359375 2
0 0.35390625 0.73046875 0.01796875 0.0171875 0.35938486722376384 0.7257720788420431 2 0.3562244281045752 0.72658916015625 2 0.3498979575163399 0.733931787109375 2
0 0.34453125 0.68671875 0.01953125 0.0171875 0.33922924704870494 0.6820070717551865 2 0.34192365196078434 0.684822119140625 2 0.3496456699346405 0.688938427734375 2
0 0.32265625 0.65625 0.0203125 0.0140625 0.32873813892681614 0.6604860346003152 2 0.32452585784313726 0.65845556640625 2 0.319408864379085 0.65534052734375 2
0 0.35703125 0.6390625 0.01875 0.0140625 0.35196999925512895 0.6353683194789916 2 0.3562512663398693 0.639129345703125 2 0.36136825980392157 0.641688134765625 2
0 0.33515625 0.690625 0.01484375 0.0140625 0.330670885856863 0.6863771344889706 2 0.3341086192810458 0.6887474609375 2 0.3399698937908497 0.693753759765625 2
0 0.3734375 0.6859375 0.0125 0.01171875 0.3744863970588236 0.685966162109375 2 0.3768928921568627 0.68841513671875 0 0.3762890114379085 0.687859033203125 0
0 0.353125 0.58984375 0.01953125 0.0203125 0.3475696067425818 0.5842260700137211 2 0.34908745915032685 0.58894111328125 2 0.35634432189542486 0.59261240234375 2
0 0.5 0.45625 0.02734375 0.01796875 0.4909005310457517 0.45488481445312506 2 0.4950515931372549 0.45476660156249993 2 0.5029583333333333 0.45642119140625 2
0 0.471875 0.565625 0.015625 0.0328125 0.4762680435037299 0.5563490077232799 2 0.4736045343137255 0.56125751953125 2 0.47004648692810463 0.568348583984375 2
0 0.5671875 0.5203125 0.01796875 0.02421875 0.5621823218124837 0.5132763566943934 2 0.5624374591503268 0.52188232421875 2 0.569355841503268 0.52637333984375 2
0 0.5703125 0.48984375 0.0203125 0.01796875 0.5764542217307522 0.4847992382252494 2 0.5729138888888888 0.48701791992187504 2 0.5714313725490197 0.491508935546875 2
0 0.55234375 0.48125 0.0203125 0.01328125 0.5576933823529412 0.479926806640625 2 0.5539377042483661 0.479808642578125 2 0.5501819852941177 0.48240869140625 2
0 0.53046875 0.49296875 0.009375 0.02265625 0.5305139297385622 0.48465419921875 2 0.5302174428104575 0.49139072265625006 2 0.5310081290849673 0.498836376953125 2
0 0.52890625 0.44375 0.02421875 0.01328125 0.520483660130719 0.440703076171875 2 0.5256230392156864 0.4431849609375 2 0.5308612745098039 0.44507592773437493 2
0 0.51640625 0.43046875 0.02421875 0.015625 0.510600204248366 0.4319574218750001 2 0.5157396241830066 0.431721044921875 2 0.5229545343137255 0.429002783203125 2
0 0.5421875 0.4203125 0.01875 0.01328125 0.5469712826797386 0.42002080078125 2 0.5432155637254902 0.419784423828125 2 0.5385703431372549 0.418602587890625 2
0 0.45390625 0.46953125 0.0109375 0.0234375 0.45397316176470587 0.47418916015625 2 0.45567769607843145 0.468913623046875 2 0.45427397875816994 0.46435751953125 2
0 0.57578125 0.38671875 0.01484375 0.02734375 0.5713342897476117 0.3941846911015625 2 0.573863888888889 0.387022216796875 2 0.5781043709150328 0.380812060546875 2
0 0.47890625 0.36796875 0.021875 0.02890625 0.47259456192970595 0.3601031786051077 2 0.4782990604575163 0.364610693359375 2 0.479668954248366 0.37214599609375 2
0 0.4828125 0.61953125 0.01171875 0.02265625 0.4813579248366013 0.613636669921875 2 0.48483022875816995 0.6194755859375 2 0.4834196078431373 0.625573974609375 2
0 0.5609375 0.63125 0.021875 0.02265625 0.5545614075209424 0.6378664354976367 2 0.5567716503267974 0.63011533203125 2 0.5654523692810458 0.625444189453125 2
0 0.55390625 0.6671875 0.03125 0.01015625 0.5445454778177675 0.6700679185999212 2 0.5493930555555556 0.669514501953125 2 0.5562290849673203 0.66769794921875 2
0 0.53046875 0.6609375 0.01953125 0.01640625 0.5243274918300653 0.663286328125 2 0.5283423202614379 0.661210302734375 2 0.5335507352941177 0.658615234375 2
0 0.5578125 0.53125 0.00859375 0.01171875 0.5606630263710108 0.5277329935680147 2 0.5588582924836601 0.530477783203125 2 0.5567073937908498 0.535080322265625 2
0 0.58046875 0.5671875 0.00703125 0.0203125 0.5812789624183007 0.560281396484375 2 0.5806563316993464 0.565696142578125 2 0.5809393382352941 0.571381640625 2
0 0.57265625 0.475 0.01328125 0.01328125 0.5762756090586298 0.4714652494124213 2 0.5721109477124183 0.475437451171875 2 0.5751058823529412 0.473084765625 0
0 0.584375 0.53984375 0.00703125 0.009375 0.5823785947712419 0.536945556640625 0 0.5826752450980391 0.537617919921875 0 0.5841256944444444 0.5395669921875 2