0 0.3390625 0.36875 0.01171875 0.025 0.3393328431372549 0.37722978515625 2 0.3386698529411765 0.36877333984375 2 0.3394064950980392 0.361902490234375 2
0 0.36640625 0.44921875 0.01640625 0.02578125 0.36191432164037657 0.45684328345194325 2 0.3629543300653595 0.44977236328125 2 0.36888439542483664 0.444487060546875 2
0 0.278125 0.5515625 0.0234375 0.02109375 0.2710534443254091 0.5454720435955226 2 0.2762590277777778 0.551023974609375 2 0.2812508986928105 0.556258544921875 2
0 0.309375 0.55078125 0.01640625 0.02265625 0.30477691212588753 0.5445147161742384 2 0.309359068627451 0.549279150390625 2 0.31104861111111115 0.558370703125 2
0 0.27578125 0.5828125 0.02578125 0.01640625 0.27134391339869285 0.585705078125 2 0.2753374183006536 0.5853376953125 2 0.28309407679738563 0.58478671875 2
0 0.309375 0.5796875 0.021875 0.0109375 0.3028312091503268 0.581021533203125 2 0.30697830882352944 0.58019501953125 2 0.31404375 0.58120517578125 2
0 0.2640625 0.63125 0.0125 0.028125 0.26546866830065363 0.64069853515625 2 0.2668510212418301 0.63537216796875 2 0.26431666666666664 0.627566259765625 2
0 0.2609375 0.6703125 0.0125 0.028125 0.2642176265753754 0.6623397164000132 2 0.26278071895424837 0.66686396484375 2 0.2594015931372549 0.673292333984375 2
0 0.3046875 0.66953125 0.02421875 0.01171875 0.310702818627451 0.66925166015625 2 0.30586454248366013 0.668976123046875 2 0.30002785947712424 0.669986328125 2
0 0.3015625 0.71640625 0.0265625 0.01875 0.29465200163398697 0.71984560546875 2 0.2995670751633987 0.71791708984375 2 0.30617173202614384 0.7162640625 2
0 0.30859375 0.75625 0.01328125 0.02265625 0.30440492474895464 0.7623721802008272 2 0.3070933006535948 0.755906298828125 2 0.3093972630718954 0.749110546875 2
0 0.31796875 0.69140625 0.01328125 0.02265625 0.31998018790849675 0.685130859375 2 0.316831454248366 0.693946923828125 2 0.31529550653594773 0.697803955078125 2
0 0.3625 0.69375 0.0171875 0.01875 0.35788360299292493 0.6987669465724791 2 0.35997598039215684 0.691191943359375 2 0.3667342320261438 0.688620556640625 2
0 0.35859375 0.590625 0.02109375 0.01875 0.3529873366013072 0.586826806640625 2 0.35859362745098045 0.590959326171875 2 0.36335510620915035 0.593897998046875 2
0 0.38046875 0.571875 0.01171875 0.02109375 0.3766455709655581 0.5777784387780986 2 0.37779317810457524 0.569929296875 2 0.38378345588235296 0.565062109375 2
0 0.3671875 0.71875 0.01953125 0.01328125 0.36149370915032686 0.71686376953125 2 0.3665255310457517 0.7182794921875 2 0.37116274509803926 0.718515478515625 2
0 0.3296875 0.71640625 0.0171875 0.009375 0.33455853758169934 0.716509814453125 2 0.3302173611111111 0.715919921875 2 0.32488950163398694 0.715683935546875 2
0 0.475 0.428125 0.015625 0.0234375 0.4798194272852639 0.42137896856834295 2 0.4774428104575164 0.425986572265625 2 0.47361875 0.43479750976562503 2
0 0.4953125 0.39921875 0.02578125 0.02265625 0.4868630718954249 0.392638916015625 2 0.4891948120915033 0.395761767578125 2 0.4945111928104575 0.400557568359375 2
0 0.4875 0.409375 0.01015625 0.021875 0.48490065897530615 0.4029064826611082 2 0.4891948120915033 0.407584033203125 2 0.4890082924836602 0.41438740234375004 2
0 0.55390625 0.41171875 0.01796875 0.02265625 0.5591582418784985 0.4183788555430016 2 0.5537895833333334 0.416115087890625 2 0.5520174428104576 0.40630039062499995 2
0 0.52265625 0.46484375 0.01796875 0.01640625 0.527962462847304 0.4693041118398109 2 0.5242229983660132 0.466991259765625 2 0.5204921977124183 0.462753125 2
0 0.50703125 0.50703125 0.0171875 0.02265625 0.5023384028287174 0.513480598512408 2 0.505195955882353 0.508923974609375 2 0.5085536764705882 0.5037935546875 2
0 0.5390625 0.48203125 0.0203125 0.01875 0.5315913398692811 0.475880224609375 2 0.5345759395424837 0.47911459960937497 2 0.5419442810457517 0.48402197265625 2
0 0.5203125 0.5375 0.02109375 0.009375 0.5265924566522926 0.5351203122708771 2 0.5233835784313725 0.537048974609375 2 0.517600816993464 0.535710595703125 2
0 0.55 0.56171875 0.01796875 0.021875 0.5446599124828762 0.5559650934151785 2 0.5457683415032679 0.560100830078125 2 0.553136683006536 0.563223681640625 2
0 0.57578125 0.5921875 0.01328125 0.02890625 0.5721779825945554 0.5840131673399422 2 0.5720704656862745 0.590093994140625 2 0.5788791666666666 0.59678583984375 2
0 0.57421875 0.440625 0.0140625 0.025 0.568991339869281 0.45012216796875004 2 0.568525 0.44209194335937496 2 0.5734683006535948 0.43606928710937504 2
0 0.5671875 0.46328125 0.0109375 0.02578125 0.5675922794117647 0.453914208984375 2 0.5637682189542483 0.45971376953125 2 0.5665663398692811 0.46651713867187505 2
0 0.49375 0.384375 0.009375 0.01484375 0.49200269607843145 0.381562646484375 2 0.4932460784313726 0.38873427734375 2 0.4918972222222222 0.38213994140625 0
0 0.46953125 0.70546875 0.0109375 0.01796875 0.4660334757009851 0.7001946249530594 2 0.4691100490196079 0.705282470703125 2 0.46705661764705886 0.70235751953125 0
0 0.584375 0.54609375 0.01484375 0.01328125 0.5803152246608794 0.5421526862393645 2 0.5829841094771242 0.54605654296875 2 0.5879260620915032 0.548381591796875 2
0 0.58515625 0.38125 0.0140625 0.0171875 0.5810168564509224 0.3858969843757222 2 0.582192116013072 0.37856318359375 2 0.587248202614379 0.375796337890625 2
0 0.57734375 0.3703125 0.01015625 0.0078125 0.5746602941176471 0.367809814453125 0 0.5750872140522876 0.368345361328125 2 0.581078022875817 0.3699552734375 2
0 0.46015625 0.34609375 0.01796875 0.01328125 0.46552832431796887 0.3499115816972164 2 0.4603042483660132 0.34905107421875 2 0.45722982026143794 0.3432462890625 2
0 0.4859375 0.3515625 0.0203125 0.01484375 0.4910487745098039 0.354081884765625 2 0.48635616830065354 0.355629833984375 2 0.48150179738562093 0.348664111328125 2
0 0.3828125 0.5953125 0.01171875 0.0171875 0.3796122140522876 0.599984765625 0 0.38011029356445747 0.5987804244097952 2 0.38363794934640527 0.59280810546875 2