0 0.3 0.40703125 0.02890625 0.01796875 0.29178923850774213 0.41234976090277053 2 0.2930122132038297 0.41110678497101494 2 0.2944308638512913 0.4102485396848028 2
0 0.28984375 0.4453125 0.0125 0.02734375 0.2934621746790373 0.4532456514990809 2 0.2931444852941177 0.444947900390625 2 0.29002393790849673 0.43677412109375 2
0 0.340625 0.43828125 0.0296875 0.01875 0.3326715277777778 0.436063330078125 2 0.33906123366013075 0.436063330078125 2 0.3454509395424837 0.43659638671875 2
0 0.3375 0.36328125 0.01328125 0.028125 0.3368322712418301 0.370495361328125 2 0.3343061274509804 0.361433154296875 2 0.33653508986928105 0.35521396484375 2
0 0.33984375 0.52578125 0.0296875 0.0140625 0.3331175653594772 0.526316015625 2 0.3371296977124183 0.525960595703125 2 0.3441138071895425 0.526493701171875 2
0 0.3671875 0.546875 0.0203125 0.0234375 0.3701184232026144 0.541981787109375 2 0.3650660947712418 0.54571328125 2 0.3638773284313726 0.551932470703125 2
0 0.2828125 0.61015625 0.01875 0.01953125 0.28853949651945776 0.6161545061496192 2 0.2849718545751634 0.6094970703125 2 0.27947373366013073 0.60896396484375 2
0 0.253125 0.61171875 0.01015625 0.02890625 0.25242892156862745 0.616782373046875 2 0.25332050653594773 0.609674755859375 2 0.2527261029411765 0.603277880859375 2
0 0.25625 0.6765625 0.01328125 0.021875 0.2539148692810458 0.671360107421875 2 0.2568868464052288 0.674558544921875 2 0.25971021241830067 0.68273232421875 2
0 0.328125 0.71015625 0.01484375 0.021875 0.32371110557766725 0.7036298755352547 2 0.3252418709150327 0.708121630859375 2 0.33014558823529416 0.71345234375 2
0 0.35 0.7328125 0.02578125 0.01640625 0.3411418300653595 0.728733740234375 2 0.345896977124183 0.7303330078125 2 0.3534754493464053 0.734064501953125 2
0 0.38046875 0.70390625 0.01796875 0.015625 0.37545566919725865 0.7085393084424895 2 0.37784550653594773 0.702790869140625 2 0.382303431372549 0.70421240234375 2
0 0.38203125 0.63515625 0.009375 0.0171875 0.3820028594771242 0.63034541015625 2 0.3805710784313726 0.63415 2 0.38311642156862746 0.640617822265625 2
0 0.2546875 0.5765625 0.0171875 0.0265625 0.2596365196078431 0.5689337890625 0 0.25716605392156866 0.572979150390625 2 0.25142230392156867 0.576691748046875 2
0 0.2609375 0.71484375 0.01171875 0.01640625 0.25754550274617566 0.7101567590816702 2 0.26190077614379087 0.711985107421875 2 0.2606589052287582 0.719131884765625 2
0 0.253125 0.740625 0.0125 0.0203125 0.25483705065359474 0.736693798828125 2 0.25755367647058824 0.74161298828125 2 0.253284681372549 0.745511181640625 2
0 0.2671875 0.68984375 0.01328125 0.0234375 0.2632697105090423 0.6964642362182248 2 0.26694411764705883 0.6888318359375 2 0.26464219771241837 0.682068310546875 2
0 0.29453125 0.3515625 0.01875 0.00859375 0.2997126733900149 0.3539321689394039 2 0.29457773692810457 0.353195654296875 2 0.28889452614379085 0.348615869140625 2
0 0.384375 0.4015625 0.00859375 0.0203125 0.38526401143790856 0.39729833984375 2 0.38125057189542483 0.40146367187499993 2 0.3861727124183007 0.40553847656249997 2
0 0.496875 0.71484375 0.01484375 0.03203125 0.495468137254902 0.7076587890625 2 0.4983810049019609 0.71667412109375 2 0.49683888888888894 0.725484521484375 2
0 0.515625 0.5359375 0.02421875 0.021875 0.5223730800653594 0.538404638671875 2 0.5179180555555556 0.537994873046875 2 0.5126063316993464 0.531848095703125 2
0 0.52890625 0.4984375 0.028125 0.0203125 0.5210055079321789 0.49302353443907554 2 0.524429248366013 0.49558193359375 2 0.5316257761437909 0.49845043945312495 2
0 0.45625 0.47578125 0.0140625 0.0234375 0.45743276143790845 0.48248701171875 2 0.45691870915032684 0.4769548828125 2 0.45349178921568634 0.468759130859375 2
0 0.49375 0.4640625 0.01640625 0.01328125 0.48920462659213915 0.46029262458587183 2 0.493415522875817 0.46322705078125 2 0.4987272467320262 0.465890625 2
0 0.50703125 0.47578125 0.02109375 0.0125 0.5007271953408192 0.47945414929923846 2 0.5057524509803922 0.47859404296874997 2 0.5091794117647059 0.47490595703125005 2
0 0.4765625 0.4484375 0.01953125 0.02109375 0.48210665849673207 0.45523618164062507 2 0.479365114379085 0.45257255859375 2 0.4725112336601307 0.447245361328125 2
0 0.53203125 0.41171875 0.01953125 0.03125 0.5266911819345098 0.4204176056960346 2 0.5285415441176471 0.4152819824218749 2 0.534367320261438 0.409544970703125 2
0 0.4734375 0.39765625 0.0171875 0.0171875 0.468408475491836 0.39271419377350314 2 0.4728539215686275 0.395059033203125 2 0.4740533496732026 0.3979275390625 2
0 0.46640625 0.3796875 0.01640625 0.021875 0.4634298611111111 0.384613671875 2 0.4682275735294118 0.38276962890625 2 0.4682275735294118 0.37641796875 2
0 0.4984375 0.39296875 0.01953125 0.028125 0.5040390114379085 0.3995708984375 2 0.4988986111111111 0.395473046875 2 0.49667111928104574 0.385638134765625 2
0 0.56796875 0.39375 0.0140625 0.02421875 0.5633924490367328 0.3866302739424239 2 0.5643529820261438 0.394448583984375 2 0.5701787581699347 0.39977578125 2
0 0.55625 0.43515625 0.0125 0.03125 0.5561283496732027 0.44417563476562505 2 0.5552716094771243 0.436184814453125 2 0.5568137254901961 0.4281939453125 2
0 0.565625 0.53828125 0.0125 0.02890625 0.5621744214593302 0.5305202785587579 2 0.5630078022875817 0.537158642578125 2 0.5687944035947712 0.542149755859375 2
0 0.5765625 0.52578125 0.0171875 0.0234375 0.5716023309413922 0.5194480956869092 2 0.5725888480392157 0.5279705078125 2 0.5787549019607843 0.53137353515625 2
0 0.5703125 0.45546875 0.01171875 0.0234375 0.5739825489230431 0.44909793127488185 2 0.5698451797385621 0.4518578125 2 0.5713207107843138 0.4601505859375 2
0 0.56875 0.41796875 0.00859375 0.01328125 0.56659897875817 0.42134755859375 2 0.567631862745098 0.414289892578125 2 0.5669660947712418 0.41990546875 0
0 0.4859375 0.38828125 0.0109375 0.0078125 0.4832501225490196 0.389798828125 2 0.48878022875817007 0.386844140625 2 0.4893685457516341 0.386140673828125 0
0 0.4734375 0.34921875 0.02890625 0.0140625 0.48372005718954253 0.350096484375 2 0.47548370098039217 0.350377880859375 2 0.4718361519607844 0.346579052734375 2