0 0.334375 0.37734375 0.02890625 0.01953125 0.32679097222222225 0.376260302734375 2 0.333187295751634 0.375377783203125 2 0.3415517973856209 0.376260302734375 2
0 0.28203125 0.3953125 0.02109375 0.02265625 0.27488198529411767 0.398617919921875 2 0.27955625000000006 0.399206298828125 2 0.28570661764705885 0.393911083984375 2
0 0.25078125 0.41953125 0.01171875 0.03125 0.2510186683006536 0.4239173828125001 2 0.2520026960784314 0.41715126953125 2 0.24855849673202615 0.40803168945312496 2
0 0.28046875 0.41875 0.01796875 0.0234375 0.2751854693096535 0.4250342289634979 2 0.2797526960784314 0.42248159179687506 2 0.2827705473856209 0.415805517578125 2
0 0.2671875 0.54140625 0.015625 0.03046875 0.26749097222222223 0.55231171875 2 0.2712248366013072 0.546358544921875 2 0.269802410130719 0.53530263671875 2
0 0.32734375 0.56796875 0.0296875 0.0140625 0.317986887254902 0.568682958984375 2 0.324921160130719 0.568470361328125 2 0.33114428104575167 0.5680451171875 2
0 0.3203125 0.61953125 0.01640625 0.02421875 0.315792125195945 0.6265885154547662 2 0.32065392156862743 0.621134619140625 2 0.32314313725490196 0.614756201171875 2
0 0.25859375 0.665625 0.01953125 0.0296875 0.25931205065359475 0.657916748046875 2 0.2596676470588235 0.663869921875 2 0.25984546568627453 0.668972607421875 2
0 0.37578125 0.68828125 0.015625 0.025 0.37140852416846215 0.695252987858259 2 0.37292785947712426 0.687550048828125 2 0.37808410947712423 0.683510400390625 2
0 0.2515625 0.590625 0.0109375 0.01953125 0.25218521241830066 0.595238427734375 2 0.25424219771241835 0.588327734375 2 0.2503241013071896 0.585633740234375 2
0 0.35390625 0.5265625 0.01796875 0.0328125 0.34893845453850586 0.5357835682136292 2 0.3498614379084967 0.529929443359375 2 0.3546031045751634 0.523605224609375 2
0 0.38359375 0.4078125 0.0125 0.0140625 0.37998325163398694 0.40375185546875 0 0.38049857026143796 0.404720654296875 0 0.3836672794117647 0.408807861328125 2
0 0.36796875 0.36015625 0.01953125 0.01796875 0.3622224865811883 0.3655950797022059 2 0.3657562908496732 0.3632109375 2 0.37166899509803925 0.36043828125 2
0 0.38515625 0.74765625 0.01015625 0.015625 0.3824319807575733 0.7428973471486345 2 0.3828237745098039 0.746935986328125 2 0.3868154003267974 0.748894189453125 2
0 0.37578125 0.75390625 0.01484375 0.0109375 0.37117871852275564 0.7508082489566702 2 0.37119869281045753 0.754187109375 2 0.37700915032679744 0.75326943359375 2
0 0.484375 0.47421875 0.01796875 0.02890625 0.4899231842398737 0.46587616617423844 2 0.4879583333333334 0.472658935546875 2 0.4821071078431373 0.47732343750000006 2
0 0.4703125 0.48046875 0.0078125 0.0109375 0.4700501225490196 0.47986772460937493 2 0.4687071895424837 0.478461328125 0 0.4690710375816994 0.478978564453125 0
0 0.51640625 0.48046875 0.01953125 0.01875 0.5223230112554039 0.47522691798588496 2 0.518810089869281 0.4777474609375 2 0.5120723856209151 0.48198793945312507 2
0 0.46171875 0.46328125 0.01484375 0.02421875 0.46576184000048304 0.4701409735229123 2 0.4636669934640524 0.4648140625 2 0.4576384803921568 0.46014956054687495 2
0 0.478125 0.43203125 0.01640625 0.02734375 0.4748374591503269 0.43990654296875 2 0.47997941176470593 0.43418193359375 2 0.4792701797385622 0.426337060546875 2
0 0.509375 0.425 0.0125 0.02734375 0.5087034722222222 0.418916259765625 2 0.5097673611111111 0.425276953125 2 0.508171568627451 0.43269775390625 2
0 0.46171875 0.41015625 0.02109375 0.0140625 0.46668125000000005 0.41128339843750006 2 0.4626031454248366 0.40958720703124996 2 0.45480151143790853 0.40937519531250005 2
0 0.528125 0.45625 0.02890625 0.01953125 0.5353448937908497 0.45623491210937506 2 0.5293163807189543 0.45729501953125 2 0.520982843137255 0.45941523437500004 2
0 0.56640625 0.421875 0.0203125 0.01953125 0.5724939088758926 0.42695372485084027 2 0.5680628267973857 0.42438203125000007 2 0.565048570261438 0.41823334960937497 2
0 0.584375 0.4328125 0.01015625 0.021875 0.5827794934640523 0.438799609375 2 0.5826021650326798 0.432862939453125 2 0.585439133986928 0.42692631835937506 2
0 0.571875 0.46171875 0.02109375 0.01953125 0.5648712826797386 0.46487846679687495 2 0.5678854983660131 0.461062060546875 2 0.5756871323529411 0.459577880859375 2
0 0.56328125 0.49609375 0.0265625 0.02265625 0.5557940728796943 0.48959742652855825 2 0.5570696895424837 0.4954098632812499 2 0.5673535947712418 0.49965029296874997 2
0 0.553125 0.54453125 0.02265625 0.01640625 0.5468537925672041 0.5396384888937106 2 0.5498000000000001 0.54267724609375 2 0.5579562091503268 0.5477658203125 2
0 0.57578125 0.56796875 0.0140625 0.02734375 0.5717540910474763 0.5603212357870273 2 0.5717859068627451 0.56541005859375 2 0.5751547794117647 0.57092265625 2
0 0.471875 0.703125 0.01328125 0.02578125 0.47107438725490197 0.695131298828125 2 0.47071977124183 0.7025521484375 2 0.4694785947712418 0.70997294921875 2
0 0.48359375 0.3640625 0.025 0.01875 0.49102648084532097 0.36971734486278884 2 0.48998995534803064 0.36837082693999473 2 0.48010678104575166 0.35842685546875 2
0 0.5578125 0.5625 0.015625 0.01015625 0.55415 0.5632412109375 2 0.5579046568627452 0.56270439453125 2 0.5635774918300653 0.562069970703125 2
0 0.56875 0.75390625 0.01484375 0.0296875 0.5713763888888889 0.74658271484375 2 0.5682302696078432 0.7507408203125 2 0.5664088235294118 0.76004697265625 2