0 0.25625 0.3953125 0.0140625 0.02265625 0.25409440359477126 0.388318310546875 2 0.2574920751633987 0.3928890625 2 0.2557401552287582 0.399110400390625 2
0 0.3515625 0.46640625 0.02109375 0.0171875 0.3453359320619121 0.46126126193211664 2 0.3499622140522876 0.4649951171874999 2 0.35663860294117644 0.4667306640625 2
0 0.37578125 0.4578125 0.0109375 0.02421875 0.3770480392156863 0.46526455078125 2 0.37296147875816993 0.45870625 2 0.37688672385620914 0.44944741210937506 2
0 0.25625 0.45390625 0.009375 0.02265625 0.25867835490853175 0.4600977835642725 2 0.2579811274509804 0.4546808593750001 2 0.25460057189542484 0.448705126953125 2
0 0.2515625 0.471875 0.00859375 0.0234375 0.25224885620915033 0.4762990234375001 2 0.25342471405228756 0.4710263183593749 2 0.2512200163398693 0.46417177734375 2
0 0.25859375 0.57109375 0.009375 0.02578125 0.2600388888888889 0.58028369140625 2 0.2623905637254902 0.572550341796875 2 0.2601858660130719 0.563938232421875 2
0 0.25703125 0.590625 0.0109375 0.01796875 0.2542460094680236 0.5855342244879858 2 0.25978124999999996 0.58945029296875 2 0.25953656045751633 0.5956681640625 2
0 0.2828125 0.6734375 0.0234375 0.01796875 0.27564591503267977 0.6757640625 2 0.28242553104575163 0.67417158203125 2 0.2870260212418301 0.670841943359375 2
0 0.27578125 0.7078125 0.01484375 0.0125 0.27121750527317307 0.7039913454065783 2 0.275331045751634 0.7063255859375 2 0.2795869689542484 0.70802197265625 2
0 0.27890625 0.740625 0.0265625 0.01875 0.27329758986928104 0.7448421875 2 0.27775616830065364 0.743024609375 2 0.28170804738562094 0.740116552734375 2
0 0.33984375 0.7359375 0.02265625 0.021875 0.3336693444440095 0.7420241289506959 2 0.33805122549019606 0.7355439453125 2 0.34362442810457516 0.733120556640625 2
0 0.37109375 0.72578125 0.02578125 0.01328125 0.3634141339869281 0.725365673828125 2 0.37010200163398693 0.726456201171875 2 0.3759792075163399 0.725850341796875 2
0 0.353125 0.68046875 0.0203125 0.01640625 0.3588532090513247 0.6761077647577468 2 0.3563120506535948 0.67849501953125 2 0.3537717320261438 0.679796875 2
0 0.37734375 0.64609375 0.0171875 0.015625 0.37239880446016616 0.6504915601469274 2 0.3751198120915033 0.642824755859375 2 0.3823778594771242 0.64201884765625 2
0 0.36640625 0.61953125 0.01484375 0.01953125 0.36218300784735746 0.6251064684476103 2 0.36348594771241827 0.619069970703125 2 0.3699613970588235 0.61483310546875 2
0 0.58125 0.3734375 0.021875 0.02109375 0.5738360702614379 0.369832177734375 2 0.5778955882352942 0.37312060546875 2 0.5848361111111111 0.37374697265625 2
0 0.575 0.4078125 0.01484375 0.0265625 0.5709144861117521 0.4006007182280725 2 0.5706931781045752 0.407057080078125 2 0.5771098856209151 0.4141037109375 2
0 0.559375 0.4125 0.01640625 0.021875 0.5623122140522876 0.416452587890625 2 0.5579907679738562 0.4112850585937499 2 0.5626170751633988 0.41599238281249995 0
0 0.51796875 0.45390625 0.01875 0.02578125 0.5123467864281968 0.4463947004285059 2 0.5164787173202614 0.449649951171875 2 0.5204072712418302 0.4562267578125 2
0 0.4578125 0.41484375 0.0125 0.0265625 0.461563061700555 0.4070751303662684 2 0.46029991830065364 0.416409716796875 2 0.4570261029411765 0.42282993164062505 2
0 0.46953125 0.37265625 0.0171875 0.02109375 0.47483041002288334 0.36635180148890495 2 0.4722158496732026 0.373120947265625 2 0.4682872549019608 0.37484345703125 2
0 0.5453125 0.453125 0.01953125 0.0171875 0.5397545467734728 0.44805647599763654 2 0.5456803921568627 0.45229990234375006 2 0.5517042075163399 0.455275146484375 2
0 0.45234375 0.48984375 0.01171875 0.0265625 0.4511324346405229 0.483461572265625 2 0.4530967320261438 0.489725244140625 2 0.4513943218954249 0.49598891601562495 2
0 0.52109375 0.5171875 0.01640625 0.02265625 0.5257308614631891 0.5236498342887999 2 0.5217160130718954 0.5183814453125 2 0.5167397875816995 0.513527099609375 2
0 0.55546875 0.4828125 0.0203125 0.01953125 0.5493470588235294 0.48090947265625 2 0.554716135620915 0.481692431640625 2 0.5621804330065359 0.486390185546875 2
0 0.54921875 0.54453125 0.0140625 0.028125 0.5472518382352941 0.553283203125 2 0.5451565767973856 0.546080029296875 2 0.5492161356209151 0.53840703125 2
0 0.58046875 0.5296875 0.009375 0.03046875 0.5809066993464053 0.522747900390625 2 0.5792043300653595 0.527132470703125 2 0.5812995506535948 0.537154345703125 2
0 0.5046875 0.56953125 0.01875 0.0234375 0.5102056815227932 0.576253441823792 2 0.506918341503268 0.570460302734375 2 0.5032516748366014 0.564353271484375 2
0 0.46328125 0.53515625 0.01484375 0.0140625 0.4591952474466641 0.5310866281689207 2 0.46435866013071897 0.532609228515625 2 0.46606102941176475 0.53793330078125 2
0 0.4609375 0.65546875 0.01328125 0.0265625 0.46013811274509814 0.650342138671875 2 0.46262622549019616 0.654726708984375 2 0.46184052287581706 0.660520556640625 2
0 0.58046875 0.59609375 0.01875 0.0234375 0.5750229731313473 0.5892711814707196 2 0.5774476715686274 0.595817919921875 2 0.5863524509803921 0.59941953125 2
0 0.58125 0.55625 0.0125 0.015625 0.5776358747955721 0.560746268298385 2 0.5786396241830066 0.5547125 2 0.5832634395424836 0.553649169921875 2
0 0.5640625 0.45 0.01484375 0.01796875 0.5676669934640522 0.4529119140624999 2 0.5613693627450981 0.45050849609375004 2 0.5592254901960784 0.448105126953125 2