0 0.30078125 0.3625 0.028125 0.01796875 0.2943955065359477 0.36238671875 2 0.3005069444444445 0.36319873046875 2 0.3083160539215687 0.3589357421875 2
0 0.25390625 0.39296875 0.0109375 0.02734375 0.25484068627450984 0.39872373046875 2 0.2550104575163399 0.392633740234375 2 0.2543313725490196 0.384513720703125 2
0 0.3625 0.43984375 0.021875 0.0234375 0.3559495403687135 0.43313653600413604 2 0.35788692810457523 0.43912075195312494 2 0.36620531045751636 0.4446017578125 2
0 0.384375 0.48046875 0.0109375 0.0234375 0.384539705882353 0.47331098632812496 2 0.3823328022875817 0.4787919921875 2 0.3864071078431373 0.48589697265625 2
0 0.28515625 0.559375 0.02890625 0.0140625 0.2764006127450981 0.560784716796875 2 0.28132373366013075 0.559363720703125 2 0.2865863970588235 0.558145703125 2
0 0.2515625 0.5796875 0.0109375 0.01640625 0.2482874431090981 0.5749347929623818 2 0.2514454248366013 0.578445703125 2 0.24805016339869282 0.5812876953125 2
0 0.25234375 0.6046875 0.01328125 0.02109375 0.25280351307189547 0.599853271484375 2 0.2536523284313726 0.605943310546875 2 0.25042683823529416 0.609597314453125 2
0 0.2625 0.65 0.0171875 0.0234375 0.2609521650326797 0.643486083984375 2 0.2636683823529412 0.648561083984375 2 0.26434742647058823 0.655260107421875 2
0 0.25546875 0.675 0.01015625 0.021875 0.255859272875817 0.6806740234375 2 0.25721736111111115 0.6766140625 2 0.2565383169934641 0.668291015625 2
0 0.30625 0.67109375 0.02421875 0.01015625 0.2998279003267974 0.6715390625 2 0.3042417483660131 0.67133603515625 2 0.30933464052287585 0.67072705078125 2
0 0.3140625 0.68984375 0.015625 0.02734375 0.3105229983660131 0.681080029296875 2 0.31306944444444446 0.6845310546875 2 0.31306944444444446 0.69305703125 2
0 0.2796875 0.7328125 0.015625 0.01953125 0.28388965130374416 0.7271473154829964 2 0.27979587418300655 0.7317654296875 2 0.2775889297385621 0.735825439453125 2
0 0.3234375 0.734375 0.01875 0.0203125 0.31803122460789207 0.7397063535063682 2 0.32138782679738565 0.733592431640625 2 0.32580167483660133 0.73196845703125 2
0 0.34765625 0.690625 0.021875 0.0140625 0.34118187482178125 0.6941969768201811 2 0.344475612745098 0.691368408203125 2 0.35024754901960786 0.68974443359375 2
0 0.36015625 0.75078125 0.01953125 0.0140625 0.3650169526143791 0.75226845703125 2 0.3606031454248366 0.75125341796875 2 0.3566985702614379 0.753283447265625 2
0 0.37265625 0.65234375 0.01796875 0.01171875 0.36773316993464056 0.65144033203125 2 0.370958660130719 0.652658349609375 2 0.3755422794117647 0.653267333984375 2
0 0.38359375 0.55234375 0.0109375 0.0265625 0.3813142156862745 0.557778173828125 2 0.38114444444444445 0.551891162109375 2 0.38420020424836604 0.54498916015625 2
0 0.53359375 0.37734375 0.02265625 0.02421875 0.5269508312195839 0.37017102167574845 2 0.5297195261437909 0.375461865234375 2 0.5350511029411765 0.385134912109375 2
0 0.5125 0.39375 0.0265625 0.0109375 0.5054516748366014 0.393928564453125 2 0.5087609477124183 0.395247607421875 2 0.5142763480392156 0.396127001953125 2
0 0.49140625 0.38359375 0.009375 0.02578125 0.4905600490196079 0.375022216796875 2 0.4933177696078432 0.38359599609375 2 0.491846977124183 0.391290478515625 2
0 0.47890625 0.365625 0.01953125 0.0109375 0.4854122957516339 0.364249951171875 2 0.4797130310457517 0.36490947265625 2 0.4751168709150327 0.3646896484375 2
0 0.4875 0.43671875 0.01484375 0.02578125 0.48430923202614384 0.430861962890625 2 0.4892731209150328 0.43701752929687493 2 0.4896408088235294 0.44493183593749996 2
0 0.496875 0.47734375 0.02265625 0.0140625 0.4905600490196079 0.4795501953125 2 0.49607544934640535 0.477791455078125 2 0.5012232026143791 0.475373193359375 2
0 0.48828125 0.4984375 0.02890625 0.025 0.4782422794117648 0.49493911132812507 2 0.4828384395424837 0.49515893554687496 2 0.48633153594771245 0.4984565429687501 2
0 0.4546875 0.47265625 0.0109375 0.0140625 0.4582029003267974 0.4748732910156249 2 0.45397442810457517 0.4733344238281251 2 0.45213594771241833 0.47421376953124994 2
0 0.4484375 0.54765625 0.01015625 0.01328125 0.44546433823529413 0.544174658203125 0 0.4458866013071896 0.545111181640625 0 0.4486428513071896 0.547302001953125 2
0 0.525 0.58125 0.03046875 0.01328125 0.5165313976288395 0.5848991060394565 2 0.5205271650326798 0.582916357421875 2 0.5275133578431372 0.580498095703125 2
0 0.53125 0.5546875 0.02734375 0.0234375 0.5379926470588237 0.559173486328125 2 0.5324772467320262 0.556095654296875 2 0.5256749183006536 0.550819482421875 2
0 0.54765625 0.5140625 0.02265625 0.01953125 0.552884272875817 0.516304345703125 2 0.5473688725490197 0.516524169921875 2 0.5438757761437908 0.512567041015625 2
0 0.56328125 0.53671875 0.0140625 0.01484375 0.5668566993464053 0.536749609375 2 0.5629958741830066 0.53652978515625 2 0.5663682189542484 0.539058544921875 0
0 0.57421875 0.59609375 0.009375 0.02578125 0.5711181885520261 0.5887131141749605 2 0.5714528594771242 0.59588701171875 2 0.5721882352941177 0.602042578125 2
0 0.5421875 0.65 0.02265625 0.0125 0.5346834150326798 0.64950830078125 2 0.5413019199346405 0.64730986328125 2 0.5477365604575163 0.64950830078125 2
0 0.5203125 0.66015625 0.01484375 0.01953125 0.5246150925584561 0.6548373415974921 2 0.5210787173202615 0.65918134765625 2 0.5166663807189542 0.66555673828125 2
0 0.58515625 0.68515625 0.01328125 0.01640625 0.5810011152078403 0.6802325714785977 2 0.5822998774509804 0.687101220703125 2 0.5850575571895426 0.6877607421875 2
0 0.55390625 0.45625 0.01875 0.0265625 0.5504942810457516 0.4500373046875 2 0.5503104166666668 0.458611083984375 2 0.5554581699346406 0.463007958984375 2
0 0.525 0.48359375 0.0125 0.0234375 0.5269618055555556 0.491367529296875 2 0.5229171977124183 0.483892919921875 2 0.5232848856209151 0.477957177734375 2
0 0.54140625 0.4734375 0.01484375 0.01875 0.5371788291195667 0.47918089354090065 2 0.5398311274509804 0.472900830078125 2 0.5440596405228758 0.467844482421875 2
0 0.38125 0.7109375 0.01171875 0.015625 0.37793594771241834 0.715367919921875 0 0.378428261893711 0.7142662396879924 2 0.3828662581699347 0.70980625 2