0 0.315625 0.4078125 0.01484375 0.028125 0.32032317727507875 0.3998499619265362 2 0.3172218545751634 0.405132861328125 2 0.3150923202614379 0.4114990234375 2
0 0.3421875 0.4109375 0.025 0.01484375 0.33492759587555965 0.40690132255206146 2 0.3403275326797386 0.410724609375 2 0.34814844771241826 0.41195517578125 2
0 0.3421875 0.3875 0.021875 0.0140625 0.33539633745035247 0.3910244914633009 2 0.3402246323529412 0.38863955078125 2 0.347119362745098 0.38556318359375 2
0 0.3015625 0.38125 0.0109375 0.02890625 0.29838296168190653 0.38933443545154933 2 0.3004245506535948 0.38089052734375 2 0.3009390931372549 0.3727689453125 2
0 0.2671875 0.43125 0.01171875 0.0234375 0.27027788870769576 0.43762609386797535 2 0.27098766339869285 0.431342822265625 2 0.26779754901960784 0.4239595703125 2
0 0.2796875 0.45078125 0.0078125 0.021875 0.2809696078431373 0.457430322265625 2 0.2822044934640523 0.45201591796875 2 0.2779853349673203 0.4445096191406249 2
0 0.26171875 0.48984375 0.0109375 0.028125 0.25977079248366014 0.4970716796875 2 0.26378419117647056 0.493133935546875 2 0.26193186274509805 0.482059033203125 2
0 0.32734375 0.4921875 0.03125 0.01640625 0.3208974673202615 0.49350307617187494 2 0.3281009803921569 0.493626171875 2 0.33427536764705884 0.49214951171875 2
0 0.35078125 0.56953125 0.02109375 0.015625 0.3447437086585121 0.5648054851806723 2 0.34749975490196083 0.569165673828125 2 0.356452614379085 0.570273193359375 2
0 0.35234375 0.5953125 0.01953125 0.01484375 0.346770141037412 0.5910676913123031 2 0.3514109885620915 0.594259912109375 2 0.35768831699346404 0.599059033203125 2
0 0.36875 0.60234375 0.0109375 0.01953125 0.3706294526143791 0.609327001953125 2 0.3662044526143791 0.6048970703125 2 0.36898296568627453 0.594806591796875 2
0 0.3796875 0.61171875 0.01015625 0.015625 0.3767618639250697 0.6072742667308956 2 0.3769067810457517 0.610680615234375 2 0.38153758169934643 0.6149875 2
0 0.37734375 0.590625 0.00859375 0.02421875 0.3770096813725491 0.596652392578125 2 0.3752602532679739 0.5923455078125 2 0.37845036764705886 0.5854544921875 2
0 0.33515625 0.66640625 0.02578125 0.015625 0.3288303104575164 0.667833642578125 2 0.3345248366013072 0.666529736328125 2 0.3419156045751634 0.667109228515625 2
0 0.30703125 0.65703125 0.0234375 0.0140625 0.3008423202614379 0.656098291015625 2 0.3061733660130719 0.657691943359375 2 0.31114093137254906 0.657112451171875 2
0 0.2828125 0.70703125 0.021875 0.0125 0.27503525326797384 0.704778369140625 2 0.2789123774509804 0.705068115234375 2 0.28387994281045753 0.706806689453125 2
0 0.25390625 0.70625 0.0109375 0.025 0.25298410947712424 0.699562646484375 2 0.25492267156862747 0.70564765625 2 0.25431687091503263 0.712312158203125 2
0 0.3359375 0.7390625 0.02890625 0.01484375 0.3279839052287582 0.7401677734375 2 0.33493051470588237 0.737086279296875 2 0.34131687091503266 0.738693994140625 2
0 0.32421875 0.725 0.01875 0.01484375 0.3174520016339869 0.723420556640625 2 0.32316613562091506 0.725162255859375 2 0.32910433006535944 0.72623408203125 2
0 0.3453125 0.7234375 0.01875 0.01171875 0.3386279003267974 0.72248271484375 2 0.34456609477124184 0.723152587890625 2 0.3493839052287582 0.723286572265625 2
0 0.3609375 0.68203125 0.02109375 0.01328125 0.35431372549019613 0.68309326171875 2 0.35946764705882356 0.6813515625 2 0.3627168300653595 0.681485546875 2
0 0.38359375 0.54609375 0.0109375 0.02109375 0.3812314950980392 0.5398474609375 2 0.38035375816993466 0.545515234375 2 0.3835136029411765 0.55160283203125 2
0 0.38359375 0.5078125 0.01171875 0.02109375 0.3812314950980392 0.515077197265625 2 0.38017818627450983 0.509409423828125 2 0.3854446486928105 0.50353173828125 2
0 0.35546875 0.478125 0.009375 0.02109375 0.3560847222222222 0.47094965820312507 2 0.3532759803921569 0.47892651367187505 2 0.35626029411764704 0.4835447265625 2
0 0.25 0.38359375 0.01328125 0.01796875 0.24628366013071895 0.37868408203125 0 0.25069693627450984 0.37871591796875 2 0.2498950980392157 0.387584912109375 2
0 0.44921875 0.3953125 0.009375 0.01953125 0.4493701388888889 0.39030869140625 2 0.4493701388888889 0.39681064453125 2 0.4459717320261438 0.404125341796875 2
0 0.45234375 0.415625 0.00859375 0.01796875 0.4495465630141527 0.41087210863189333 2 0.45322160947712425 0.41306552734375 2 0.45072945261437913 0.42010927734375 2
0 0.46875 0.4515625 0.021875 0.0140625 0.46319015522875817 0.453431787109375 2 0.4684009803921569 0.453431787109375 2 0.47338529411764707 0.45234814453125 2
0 0.48671875 0.49921875 0.01328125 0.0296875 0.4858459967320262 0.505718310546875 2 0.4885646650326798 0.498674560546875 2 0.487658455882353 0.49000527343750006 2
0 0.496875 0.53359375 0.02734375 0.01640625 0.48833811274509814 0.533622509765625 2 0.49354897875817 0.533622509765625 2 0.5005722630718955 0.530100634765625 2
0 0.45078125 0.55390625 0.01796875 0.03203125 0.4520888071895426 0.561526708984375 2 0.45503406862745094 0.554482958984375 2 0.4486904411764706 0.546626416015625 2
0 0.546875 0.5890625 0.02421875 0.0171875 0.5399933823529413 0.589007763671875 2 0.5463370098039216 0.589549609375 2 0.5542665441176471 0.59144599609375 2
0 0.56484375 0.60859375 0.0140625 0.02890625 0.5603836192810457 0.598218896484375 2 0.5603836192810457 0.6063462890625 2 0.565367933006536 0.6123064453125 2
0 0.45703125 0.7296875 0.01015625 0.0234375 0.4545809640522876 0.73878603515625 2 0.45911213235294124 0.72849130859375 2 0.4563934232026144 0.724156689453125 2
0 0.5453125 0.54140625 0.015625 0.028125 0.546282066993464 0.548906201171875 2 0.5444696078431372 0.54294609375 2 0.5435633986928105 0.532651318359375 2
0 0.58203125 0.52421875 0.01640625 0.028125 0.5767651695346225 0.5318543774975709 2 0.5770939950980393 0.52208564453125 2 0.5843438725490196 0.51693828125 2
0 0.58515625 0.56640625 0.009375 0.01953125 0.5841172794117647 0.570037548828125 2 0.5829845179738562 0.56407744140625 2 0.5866094362745098 0.560013720703125 2
0 0.56015625 0.48125 0.0203125 0.0203125 0.5544959345200645 0.4753763749989496 2 0.5591957107843137 0.48132036132812506 2 0.5659924836601308 0.486196826171875 2
0 0.53125 0.4625 0.0296875 0.0234375 0.5220401960784314 0.4610017578125 2 0.5279306781045752 0.4642527343749999 2 0.5354071078431373 0.4680455078125 2
0 0.5765625 0.47109375 0.0203125 0.021875 0.5707699544692124 0.47706753378650213 2 0.5739220179738562 0.471838330078125 2 0.5804921977124183 0.46750371093749993 2
0 0.58125 0.40234375 0.01953125 0.0171875 0.5761875816993465 0.4056109375 2 0.5802656454248366 0.399108984375 2 0.5852499183006536 0.399108984375 2
0 0.56796875 0.36953125 0.0234375 0.0140625 0.560892217428715 0.3734842368144695 2 0.5663325571895426 0.372228955078125 2 0.572676184640523 0.3711453125 2
0 0.54140625 0.3703125 0.025 0.01328125 0.5321223039215687 0.368707080078125 2 0.5386924428104576 0.370061669921875 2 0.5454892156862746 0.370603466796875 2
0 0.496875 0.36015625 0.01796875 0.021875 0.5023586024585591 0.3663562785057116 2 0.4981385212418301 0.359495947265625 2 0.4954198529411765 0.355974072265625 2