0 0.2921875 0.49453125 0.02578125 0.025 0.2848970731540092 0.5017767140821954 2 0.2896912990196079 0.496762353515625 2 0.2931064950980392 0.49342104492187494 2
0 0.25546875 0.48125 0.0109375 0.0265625 0.2564706699346405 0.491935986328125 2 0.2552287990196079 0.485624609375 2 0.2564706699346405 0.4781994140625 2
0 0.37109375 0.621875 0.0296875 0.028125 0.3624923552718166 0.6135731004402574 2 0.36606764705882355 0.620091455078125 2 0.37196662581699347 0.6234328125 2
0 0.3515625 0.56640625 0.0140625 0.0296875 0.35147540849673203 0.574055419921875 2 0.3496125816993464 0.56737275390625 2 0.3539591911764706 0.559205078125 2
0 0.3765625 0.56796875 0.01171875 0.03671875 0.37786564542483664 0.557348779296875 2 0.3756923202614379 0.563288916015625 2 0.37755514705882354 0.567743994140625 2
0 0.36328125 0.4796875 0.01640625 0.02890625 0.358407996800981 0.4712709240112921 2 0.3614105392156863 0.47938447265625 2 0.36730955882352945 0.48643837890624997 2
0 0.346875 0.7390625 0.02265625 0.01796875 0.3405141806038424 0.7445199396244748 2 0.3446450163398693 0.737780419921875 2 0.3502335375816994 0.73592412109375 2
0 0.3671875 0.5015625 0.01875 0.02578125 0.3617163500097481 0.5090542897675945 2 0.3632733660130719 0.5016599609375 2 0.3691723856209151 0.495348583984375 2
0 0.38203125 0.51015625 0.01171875 0.02734375 0.3857493026201732 0.5174860218984375 2 0.38034938725490197 0.51242646484375 2 0.3825227124183007 0.5042587890625 2
0 0.37890625 0.46328125 0.0125 0.025 0.3828221302244823 0.4706076838833376 2 0.3784865604575164 0.46566445312499993 2 0.3791075163398693 0.4604667968749999 2
0 0.36796875 0.38671875 0.01015625 0.034375 0.36979330065359484 0.3966103515625 2 0.368861887254902 0.38844267578125 2 0.3685514297385621 0.38213125 2
0 0.353125 0.759375 0.02265625 0.025 0.3446450163398693 0.7687646484375 2 0.34731606796389175 0.7644035931756171 2 0.35302777777777783 0.760225732421875 2
0 0.3859375 0.43203125 0.0078125 0.01875 0.3833546568627451 0.437854443359375 2 0.3829169934640523 0.43392934570312497 2 0.3871841911764706 0.4290883300781251 2
0 0.37578125 0.4234375 0.0125 0.01484375 0.3727413398692811 0.41783632812500004 2 0.37383549836601315 0.42372402343750004 2 0.377555637254902 0.42686411132812496 2
0 0.51484375 0.3859375 0.01640625 0.0296875 0.5104194035947712 0.374598583984375 2 0.5127829248366014 0.3817927734375 2 0.5157910947712419 0.38950087890625 2
0 0.446875 0.4140625 0.01640625 0.03203125 0.44832254901960783 0.42495795898437494 2 0.44810767973856214 0.4154513671875 2 0.44595898692810454 0.4100557128906249 2
0 0.521875 0.43984375 0.0265625 0.01015625 0.5299723447712419 0.441144921875 2 0.5235263071895425 0.44191572265625007 2 0.5153613562091504 0.4408879882812499 2
0 0.534375 0.49140625 0.028125 0.01328125 0.5254601307189543 0.488421044921875 2 0.5310466911764706 0.4899626953125 2 0.53749272875817 0.49047656249999994 2
0 0.47421875 0.52890625 0.0125 0.03046875 0.4706688316993464 0.5168033203125 2 0.47410669934640526 0.524511376953125 2 0.47539591503267975 0.5314486328125 2
0 0.471875 0.63359375 0.009375 0.03515625 0.47389183006535945 0.622580859375 2 0.47389183006535945 0.628747314453125 2 0.47174313725490197 0.6346568359375 2
0 0.515625 0.60234375 0.021875 0.02265625 0.5091301879084967 0.605880078125 2 0.5147167483660131 0.603310693359375 2 0.5187992238562092 0.59842890625 2
0 0.496875 0.6984375 0.02890625 0.02421875 0.5061220179738563 0.702277734375 2 0.5018246732026144 0.69739599609375 2 0.4958083741830066 0.693798876953125 2
0 0.54609375 0.52421875 0.01328125 0.02734375 0.5471618055555556 0.529578515625 2 0.5439387663398694 0.522898193359375 2 0.5445833741830066 0.5175025390625 2
0 0.5 0.5109375 0.01953125 0.021875 0.4938418300653595 0.504514697265625 0 0.4946758023182333 0.5060803212544315 2 0.49838676470588233 0.509537548828125 2
0 0.528125 0.5203125 0.0125 0.03046875 0.5276088235294117 0.51416240234375 2 0.5263196078431372 0.521099658203125 2 0.526534477124183 0.52623837890625 2
0 0.53671875 0.38671875 0.028125 0.01484375 0.5286831699346406 0.384746484375 2 0.5331953839869282 0.3862880859375 2 0.540930637254902 0.38757275390625 2
0 0.57890625 0.384375 0.02265625 0.01796875 0.5723900265831976 0.37904661942082457 2 0.5765986928104575 0.383461767578125 2 0.5817555555555556 0.384232568359375 2
0 0.5125 0.5109375 0.0140625 0.00625 0.5158410539215686 0.5100482421875 2 0.5136489379084967 0.512064599609375 2 0.5101078022875817 0.51347607421875 0
0 0.5765625 0.48828125 0.0171875 0.0140625 0.5802559232026144 0.48806953125 2 0.5751971405228758 0.4872629882812499 2 0.5743540032679739 0.49169902343749994 2
0 0.38828125 0.3609375 0.0125 0.01171875 0.38502414201085333 0.35726322488451945 2 0.38553296568627454 0.3581107421875 0 0.3861232026143791 0.3586958984375 0