0 0.32890625 0.4046875 0.01796875 0.0296875 0.33253541666666664 0.39671533203125 2 0.3277382761437909 0.4019736328125 2 0.3284045343137255 0.40930341796874997 2
0 0.25859375 0.40234375 0.01328125 0.01796875 0.256980637254902 0.407477783203125 2 0.2601787173202615 0.40445024414062497 2 0.2589794526143791 0.3980765625 2
0 0.30859375 0.37265625 0.0109375 0.025 0.3076169934640523 0.379592822265625 2 0.3098823120915033 0.37082900390625 2 0.31054857026143795 0.3646146484375 2
0 0.359375 0.3609375 0.0109375 0.02421875 0.36011891339869284 0.36796083984375 2 0.3575870506535948 0.361587158203125 2 0.3595858660130719 0.35457607421875 2
0 0.25078125 0.4828125 0.015625 0.01171875 0.24600053104575165 0.479138623046875 0 0.24666086601307188 0.47997490234375 0 0.25111748366013076 0.4825134765625 2
0 0.2609375 0.534375 0.0234375 0.01875 0.256980637254902 0.535246435546875 2 0.26097826797385626 0.53365302734375 2 0.26497585784313726 0.53158154296875 2
0 0.30625 0.54453125 0.025 0.015625 0.29828925653594773 0.54401025390625 2 0.3046854166666667 0.543850927734375 2 0.3129471405228758 0.543372900390625 2
0 0.3 0.57421875 0.01875 0.0125 0.2947757677303685 0.5779249854411764 2 0.2989555147058824 0.574795654296875 2 0.30508517156862747 0.57129013671875 2
0 0.33125 0.5609375 0.0109375 0.0203125 0.33266866830065356 0.556630615234375 2 0.3294705882352941 0.56172958984375 2 0.3292040849673203 0.566191162109375 2
0 0.29609375 0.590625 0.0140625 0.01953125 0.2924261029411765 0.583663720703125 2 0.29522442810457517 0.586850537109375 2 0.2962904411764706 0.593064892578125 2
0 0.2515625 0.62265625 0.01171875 0.025 0.2549414032022648 0.6298926424338236 2 0.25378255718954246 0.623339990234375 2 0.2508509803921569 0.617125634765625 2
0 0.25390625 0.684375 0.01171875 0.0234375 0.250442966540217 0.6781604718846507 2 0.25511511437908496 0.6797705078125 2 0.252849795751634 0.6929958984375 2
0 0.29921875 0.73359375 0.0203125 0.01484375 0.2930265938938974 0.7292997692746849 2 0.2969566993464053 0.731189697265625 2 0.3020203431372549 0.7351732421875 2
0 0.278125 0.74609375 0.01796875 0.01484375 0.27296678720929873 0.7422005771865808 2 0.2764356617647059 0.744574462890625 2 0.2820323120915033 0.7495140625 2
0 0.35078125 0.75078125 0.0203125 0.02265625 0.3450017930316734 0.7570500377239364 2 0.3471933006535948 0.7507384765625 2 0.35372271241830067 0.74723291015625 2
0 0.3734375 0.68359375 0.0203125 0.01875 0.36651507352941176 0.680195703125 2 0.3707791666666667 0.684816650390625 2 0.37850788398692814 0.687684765625 2
0 0.36171875 0.72109375 0.0125 0.01953125 0.35823874417252166 0.7265839276263787 2 0.359319362745098 0.722421435546875 2 0.3635834558823529 0.71795986328125 2
0 0.3703125 0.64296875 0.01640625 0.015625 0.3665059232026144 0.647204638671875 2 0.36803647875816997 0.64256806640625 2 0.3745668300653595 0.6398837890625 2
0 0.37421875 0.62421875 0.01328125 0.015625 0.3702238756064362 0.6198336531047138 2 0.3710975898692811 0.62353388671875 2 0.3761994281045752 0.62646220703125 2
0 0.3703125 0.5953125 0.01640625 0.01484375 0.3752633047410613 0.5995213397394301 2 0.3697711192810458 0.597914306640625 2 0.3695670343137255 0.592179638671875 2
0 0.3765625 0.4953125 0.01796875 0.01015625 0.37223672385620915 0.49772827148437504 2 0.37756331699346407 0.496932080078125 2 0.38308014705882354 0.49738701171875005 2
0 0.3828125 0.52265625 0.01328125 0.02265625 0.3844118055555556 0.528096875 2 0.38098754084967323 0.52434345703125 2 0.38250943627450984 0.5186564453125 2
0 0.52578125 0.3671875 0.02578125 0.0171875 0.5164547794117648 0.366559765625 2 0.5236186274509804 0.36621708984375 2 0.5307824754901961 0.36621708984375 2
0 0.4890625 0.4140625 0.01796875 0.0234375 0.4940923598748904 0.40729948503709296 2 0.49066495098039214 0.4143603515625 2 0.4860800653594771 0.417958203125 2
0 0.49609375 0.40546875 0.01171875 0.02109375 0.49439015522875823 0.398426806640625 2 0.49883169934640526 0.406136572265625 2 0.49725567810457516 0.4133323730468749 2
0 0.46640625 0.43046875 0.0140625 0.02578125 0.464302001633987 0.42219306640625 2 0.4665944035947712 0.42750424804687503 2 0.4671675245098039 0.43641333007812494 2
0 0.45625 0.4515625 0.0203125 0.0109375 0.4611498774509804 0.45080488281250003 2 0.45556209150326793 0.4502909179687499 2 0.4492579248366013 0.450633544921875 2
0 0.45 0.4703125 0.0125 0.0125 0.45283982843137255 0.468699072265625 2 0.4495444852941176 0.46955571289062503 2 0.4463924019607844 0.469384423828125 2
0 0.475 0.5171875 0.01484375 0.0328125 0.4742883578431373 0.5067458984375 2 0.47373288398692814 0.5173740234375 2 0.4717886437908497 0.527337890625 2
0 0.47109375 0.55859375 0.01328125 0.0234375 0.47216564542483663 0.55335595703125 2 0.47432581699346404 0.559865380859375 2 0.4722520833333334 0.566478125 2
0 0.5484375 0.5859375 0.028125 0.01484375 0.5421018382352941 0.588299267578125 2 0.5483294526143792 0.587004150390625 2 0.5571293709150327 0.5861947265625 2
0 0.56953125 0.60546875 0.0234375 0.01484375 0.5647107843137256 0.60562138671875 2 0.5709384395424837 0.60562138671875 2 0.5766245098039217 0.6051357421875 2
0 0.57421875 0.55078125 0.0125 0.0203125 0.5704397229307034 0.5561935765728729 2 0.5718861111111112 0.54893134765625 2 0.5756768382352941 0.545855419921875 2
0 0.5671875 0.496875 0.02109375 0.01875 0.5606493055555555 0.49499003906250005 2 0.5671477124183008 0.49790405273437505 2 0.5743229983660132 0.49984672851562506 2
0 0.496875 0.47421875 0.01015625 0.02734375 0.4966131127450981 0.4788104980468749 2 0.49810228758169933 0.4734681640624999 2 0.4959361928104575 0.467478271484375 2
0 0.546875 0.44453125 0.01640625 0.028125 0.5454863970588235 0.45145126953125 2 0.5446741013071896 0.44546137695312493 2 0.5494125408496733 0.4354242675781251 2
0 0.5796875 0.43515625 0.01171875 0.01796875 0.5763352532679739 0.429655078125 0 0.5768174836601307 0.43093486328125 0 0.5793321895424837 0.43429106445312493 2